22 48 04.0
+39 16 01
13.528 CV


 NUM       FECHA MPC    COMPARA            V547 LAC
----  --------------  ---------  ------------------
0000  20170915.84881     421354    1319732  8.75445  + 01.21570  06.66400  01072.51  16.51675  0612.00  0548.21  *C:\Capturas\Capturas_20170915\V547 Lac\New\V547 Lac-20170915_2021_000011858.FIT
0001  20170915.85041     416270    1297862  8.75944  + 01.20959  06.91888  01070.66  16.50539  0613.95  0549.93  *C:\Capturas\Capturas_20170915\V547 Lac\New\V547 Lac-20170915_2023_000011859.FIT
0002  20170915.85197     427394    1312912  8.77563  + 01.20375  06.36970  01065.43  16.53949  0612.47  0551.77  *C:\Capturas\Capturas_20170915\V547 Lac\New\V547 Lac-20170915_2025_000011860.FIT
0003  20170915.85356     425741    1296120  8.78545  + 01.19791  06.43334  01083.96  16.51646  0610.55  0553.42  *C:\Capturas\Capturas_20170915\V547 Lac\New\V547 Lac-20170915_2028_000011861.FIT
0004  20170915.85514     421256    1283060  8.78494  + 01.19222  06.62143  01117.43  16.47173  0610.29  0552.47  *C:\Capturas\Capturas_20170915\V547 Lac\New\V547 Lac-20170915_2030_000011862.FIT
0005  20170915.85670     425436    1278607  8.79951  + 01.18671  06.54327  01094.05  16.50557  0611.23  0552.23  *C:\Capturas\Capturas_20170915\V547 Lac\New\V547 Lac-20170915_2032_000011863.FIT
0006  20170915.85830     429602    1287000  8.80300  + 01.18118  06.63867  01061.72  16.54893  0608.96  0553.42  *C:\Capturas\Capturas_20170915\V547 Lac\New\V547 Lac-20170915_2034_000011864.FIT
0007  20170915.85987     430976    1284764  8.80838  + 01.17585  06.49197  01062.32  16.55179  0606.79  0554.20  *C:\Capturas\Capturas_20170915\V547 Lac\New\V547 Lac-20170915_2037_000011865.FIT
0008  20170915.86145     431380    1270449  8.82163  + 01.17060  06.53567  01058.65  16.55659  0608.02  0555.28  *C:\Capturas\Capturas_20170915\V547 Lac\New\V547 Lac-20170915_2039_000011866.FIT
0009  20170915.86303     429709    1256432  8.82950  + 01.16545  06.51944  01037.92  16.57393  0606.80  0556.39  *C:\Capturas\Capturas_20170915\V547 Lac\New\V547 Lac-20170915_2041_000011867.FIT
0010  20170915.86461     432753    1258613  8.83531  + 01.16040  06.49056  01037.74  16.58182  0605.97  0557.37  *C:\Capturas\Capturas_20170915\V547 Lac\New\V547 Lac-20170915_2043_000011868.FIT
0011  20170915.86619     434826    1257697  8.84131  + 01.15545  06.42908  01040.61  16.58402  0605.33  0558.11  *C:\Capturas\Capturas_20170915\V547 Lac\New\V547 Lac-20170915_2046_000011869.FIT
0012  20170915.86778     428232    1234957  8.84455  + 01.15058  06.63346  01026.35  16.58241  0606.63  0559.11  *C:\Capturas\Capturas_20170915\V547 Lac\New\V547 Lac-20170915_2048_000011870.FIT
0013  20170915.86938     432476    1252578  8.83985  + 01.14577  06.45125  01021.26  16.59859  0604.81  0560.07  *C:\Capturas\Capturas_20170915\V547 Lac\New\V547 Lac-20170915_2050_000011871.FIT
0014  20170915.87094     435090    1264657  8.83596  + 01.14118  06.42949  01020.79  16.60566  0602.92  0560.79  *C:\Capturas\Capturas_20170915\V547 Lac\New\V547 Lac-20170915_2053_000011872.FIT
0015  20170915.87251     438065    1264139  8.84384  + 01.13665  06.20560  01015.24  16.61904  0603.26  0561.59  *C:\Capturas\Capturas_20170915\V547 Lac\New\V547 Lac-20170915_2055_000011873.FIT
0016  20170915.87409     433981    1259469  8.83766  + 01.13219  06.27003  01009.63  16.61487  0601.63  0562.65  *C:\Capturas\Capturas_20170915\V547 Lac\New\V547 Lac-20170915_2057_000011874.FIT
0017  20170915.87568     437564    1269133  8.83829  + 01.12780  06.34964  01014.41  16.61869  0600.13  0563.55  *C:\Capturas\Capturas_20170915\V547 Lac\New\V547 Lac-20170915_2059_000011875.FIT
0018  20170915.87727     437299    1287309  8.82211  + 01.12349  06.35891  01007.84  16.62511  0599.07  0564.71  *C:\Capturas\Capturas_20170915\V547 Lac\New\V547 Lac-20170915_2102_000011876.FIT
0019  20170915.87885     443176    1309818  8.81777  + 01.11931  06.10313  01000.06  16.64814  0599.43  0565.49  *C:\Capturas\Capturas_20170915\V547 Lac\New\V547 Lac-20170915_2104_000011877.FIT
0020  20170915.88044     440147    1320049  8.80180  + 01.11518  06.23246  00991.42  16.65012  0597.65  0566.49  *C:\Capturas\Capturas_20170915\V547 Lac\New\V547 Lac-20170915_2106_000011878.FIT
0021  20170915.88203     441984    1336472  8.79285  + 01.11115  06.12002  00984.66  16.66213  0596.92  0567.03  *C:\Capturas\Capturas_20170915\V547 Lac\New\V547 Lac-20170915_2109_000011879.FIT
0022  20170915.88361     441383    1347713  8.78223  + 01.10723  06.16697  00975.12  16.67127  0598.39  0567.73  *C:\Capturas\Capturas_20170915\V547 Lac\New\V547 Lac-20170915_2111_000011880.FIT
0023  20170915.88519     442397    1384091  8.75567  + 01.10339  06.13985  00975.91  16.67288  0596.79  0568.28  *C:\Capturas\Capturas_20170915\V547 Lac\New\V547 Lac-20170915_2113_000011881.FIT
0024  20170915.88675     443479    1403584  8.74308  + 01.09968  06.03102  00972.63  16.67922  0595.08  0568.99  *C:\Capturas\Capturas_20170915\V547 Lac\New\V547 Lac-20170915_2115_000011882.FIT
0025  20170915.88836     443713    1428113  8.72476  + 01.09594  06.11980  00968.18  16.68480  0595.42  0569.68  *C:\Capturas\Capturas_20170915\V547 Lac\New\V547 Lac-20170915_2118_000011883.FIT
0026  20170915.88992     444276    1457833  8.70367  + 01.09240  06.08853  00955.77  16.70026  0595.57  0570.49  *C:\Capturas\Capturas_20170915\V547 Lac\New\V547 Lac-20170915_2120_000011884.FIT
0027  20170915.89150     442967    1498481  8.67045  + 01.08889  05.83667  00963.45  16.68831  0594.19  0571.25  *C:\Capturas\Capturas_20170915\V547 Lac\New\V547 Lac-20170915_2122_000011885.FIT
0028  20170915.89309     444842    1533811  8.64963  + 01.08544  05.86852  00958.44  16.69860  0592.25  0571.80  *C:\Capturas\Capturas_20170915\V547 Lac\New\V547 Lac-20170915_2124_000011886.FIT
0029  20170915.89466     442693    1573181  8.61670  + 01.08212  06.04862  00957.53  16.69436  0594.01  0572.55  *C:\Capturas\Capturas_20170915\V547 Lac\New\V547 Lac-20170915_2127_000011887.FIT
0030  20170915.89624     444490    1614262  8.59300  + 01.07885  06.07198  00952.93  16.70403  0591.94  0573.42  *C:\Capturas\Capturas_20170915\V547 Lac\New\V547 Lac-20170915_2129_000011888.FIT
0031  20170915.89781     443741    1668156  8.55533  + 01.07567  05.86461  00946.01  16.71014  0589.12  0574.25  *C:\Capturas\Capturas_20170915\V547 Lac\New\V547 Lac-20170915_2131_000011889.FIT
0032  20170915.89940     448396    1715137  8.53642  + 01.07254  06.04888  00941.31  16.72696  0587.76  0575.23  *C:\Capturas\Capturas_20170915\V547 Lac\New\V547 Lac-20170915_2134_000011890.FIT
0033  20170915.90096     438637    1719038  8.50993  + 01.06954  06.35698  00946.37  16.69710  0588.27  0575.67  *C:\Capturas\Capturas_20170915\V547 Lac\New\V547 Lac-20170915_2136_000011891.FIT
0034  20170915.90256     443334    1778660  8.48435  + 01.06653  06.09575  00944.93  16.71038  0586.55  0576.46  *C:\Capturas\Capturas_20170915\V547 Lac\New\V547 Lac-20170915_2138_000011892.FIT
0035  20170915.90413     446309    1817985  8.46779  + 01.06366  05.99930  00956.35  16.70457  0584.86  0577.57  *C:\Capturas\Capturas_20170915\V547 Lac\New\V547 Lac-20170915_2140_000011893.FIT
0036  20170915.90569     443364    1814949  8.46239  + 01.06087  06.00624  00963.78  16.68891  0585.14  0578.01  *C:\Capturas\Capturas_20170915\V547 Lac\New\V547 Lac-20170915_2143_000011894.FIT
0037  20170915.90729     446066    1814107  8.46953  + 01.05809  06.17272  00946.91  16.71480  0583.50  0578.91  *C:\Capturas\Capturas_20170915\V547 Lac\New\V547 Lac-20170915_2145_000011895.FIT
0038  20170915.90888     445703    1820554  8.46477  + 01.05540  06.07750  00940.29  16.72157  0581.67  0579.68  *C:\Capturas\Capturas_20170915\V547 Lac\New\V547 Lac-20170915_2147_000011896.FIT
0039  20170915.91047     446496    1804406  8.47643  + 01.05278  06.13148  00941.12  16.72254  0580.32  0580.49  *C:\Capturas\Capturas_20170915\V547 Lac\New\V547 Lac-20170915_2150_000011897.FIT
0040  20170915.91208     450987    1801628  8.48903  + 01.05020  05.78000  00939.72  16.73509  0580.94  0581.29  *C:\Capturas\Capturas_20170915\V547 Lac\New\V547 Lac-20170915_2152_000011898.FIT
0041  20170915.91367     449587    1768580  8.50583  + 01.04772  05.91092  00941.03  16.73017  0579.11  0581.65  *C:\Capturas\Capturas_20170915\V547 Lac\New\V547 Lac-20170915_2154_000011899.FIT
0042  20170915.91525     448895    1736701  8.52400  + 01.04533  05.95926  00930.40  16.74089  0578.55  0581.99  *C:\Capturas\Capturas_20170915\V547 Lac\New\V547 Lac-20170915_2156_000011900.FIT
0043  20170915.91685     445239    1696619  8.54055  + 01.04297  06.12092  00915.57  16.74950  0579.52  0582.40  *C:\Capturas\Capturas_20170915\V547 Lac\New\V547 Lac-20170915_2159_000011901.FIT
0044  20170915.91841     447659    1674777  8.56060  + 01.04074  05.98691  00915.85  16.75508  0577.34  0583.19  *C:\Capturas\Capturas_20170915\V547 Lac\New\V547 Lac-20170915_2201_000011902.FIT
0045  20170915.92000     451264    1665233  8.57558  + 01.03854  05.74130  00921.41  16.75722  0575.24  0583.84  *C:\Capturas\Capturas_20170915\V547 Lac\New\V547 Lac-20170915_2203_000011903.FIT
0046  20170915.92159     445516    1630112  8.58485  + 01.03640  05.74869  00920.33  16.74452  0575.26  0584.15  *C:\Capturas\Capturas_20170915\V547 Lac\New\V547 Lac-20170915_2206_000011904.FIT
0047  20170915.92316     451868    1614594  8.61073  + 01.03436  05.95710  00917.31  16.76355  0576.46  0584.56  *C:\Capturas\Capturas_20170915\V547 Lac\New\V547 Lac-20170915_2208_000011905.FIT
0048  20170915.92476     448889    1597626  8.61504  + 01.03234  05.68004  00922.79  16.74984  0575.27  0584.83  *C:\Capturas\Capturas_20170915\V547 Lac\New\V547 Lac-20170915_2210_000011906.FIT
0049  20170915.92633     451278    1581571  8.63185  + 01.03043  05.59086  00917.49  16.76191  0572.87  0585.98  *C:\Capturas\Capturas_20170915\V547 Lac\New\V547 Lac-20170915_2212_000011907.FIT
0050  20170915.92792     454805    1563307  8.65302  + 01.02856  05.67853  00907.88  16.78189  0574.05  0586.39  *C:\Capturas\Capturas_20170915\V547 Lac\New\V547 Lac-20170915_2215_000011908.FIT
0051  20170915.92949     448971    1540675  8.65484  + 01.02677  05.60430  00908.84  16.76666  0573.14  0586.93  *C:\Capturas\Capturas_20170915\V547 Lac\New\V547 Lac-20170915_2217_000011909.FIT
0052  20170915.93105     451299    1523294  8.67286  + 01.02506  05.89965  00908.19  16.77308  0571.67  0587.40  *C:\Capturas\Capturas_20170915\V547 Lac\New\V547 Lac-20170915_2219_000011910.FIT
0053  20170915.93263     450369    1510123  8.68009  + 01.02338  05.75834  00911.89  16.76639  0570.28  0587.86  *C:\Capturas\Capturas_20170915\V547 Lac\New\V547 Lac-20170915_2221_000011911.FIT
0054  20170915.93424     447439    1492069  8.68609  + 01.02174  06.02442  00914.18  16.75653  0571.48  0588.68  *C:\Capturas\Capturas_20170915\V547 Lac\New\V547 Lac-20170915_2224_000011912.FIT
0055  20170915.93583     449166    1482018  8.69766  + 01.02019  05.81459  00903.68  16.77334  0570.18  0589.70  *C:\Capturas\Capturas_20170915\V547 Lac\New\V547 Lac-20170915_2226_000011913.FIT
0056  20170915.93741     453503    1469092  8.71770  + 01.01870  05.81909  00889.95  16.80052  0568.37  0589.64  *C:\Capturas\Capturas_20170915\V547 Lac\New\V547 Lac-20170915_2228_000011914.FIT
0057  20170915.93899     449566    1457254  8.71702  + 01.01728  05.89368  00889.49  16.79158  0568.47  0590.13  *C:\Capturas\Capturas_20170915\V547 Lac\New\V547 Lac-20170915_2231_000011915.FIT
0058  20170915.94058     452327    1450513  8.72875  + 01.01591  05.77685  00895.04  16.79147  0566.87  0590.62  *C:\Capturas\Capturas_20170915\V547 Lac\New\V547 Lac-20170915_2233_000011916.FIT
0059  20170915.94215     445038    1424265  8.73095  + 01.01462  05.96904  00892.41  16.77696  0566.21  0590.58  *C:\Capturas\Capturas_20170915\V547 Lac\New\V547 Lac-20170915_2235_000011917.FIT
0060  20170915.94374     449949    1422441  8.74432  + 01.01337  05.76036  00885.73  16.79713  0565.27  0591.11  *C:\Capturas\Capturas_20170915\V547 Lac\New\V547 Lac-20170915_2237_000011918.FIT
0061  20170915.94534     454261    1425729  8.75221  + 01.01217  05.93423  00883.91  16.80977  0565.48  0591.60  *C:\Capturas\Capturas_20170915\V547 Lac\New\V547 Lac-20170915_2240_000011919.FIT
0062  20170915.94691     449837    1403434  8.75873  + 01.01106  05.77476  00881.86  16.80164  0563.87  0591.83  *C:\Capturas\Capturas_20170915\V547 Lac\New\V547 Lac-20170915_2242_000011920.FIT
0063  20170915.94847     451566    1397003  8.76792  + 01.01001  05.80258  00878.34  16.81018  0562.57  0593.02  *C:\Capturas\Capturas_20170915\V547 Lac\New\V547 Lac-20170915_2244_000011921.FIT
0064  20170915.95007     449232    1369504  8.78396  + 01.00900  06.00638  00872.02  16.81240  0563.21  0593.42  *C:\Capturas\Capturas_20170915\V547 Lac\New\V547 Lac-20170915_2247_000011922.FIT
0065  20170915.95166     452360    1372998  8.78875  + 01.00805  05.79013  00883.99  16.80510  0561.27  0594.04  *C:\Capturas\Capturas_20170915\V547 Lac\New\V547 Lac-20170915_2249_000011923.FIT
0066  20170915.95324     455570    1362509  8.80483  + 01.00717  05.86356  00887.29  16.80875  0558.66  0594.37  *C:\Capturas\Capturas_20170915\V547 Lac\New\V547 Lac-20170915_2251_000011924.FIT
0067  20170915.95483     451392    1353452  8.80205  + 01.00634  05.75747  00891.28  16.79381  0558.94  0594.72  *C:\Capturas\Capturas_20170915\V547 Lac\New\V547 Lac-20170915_2253_000011925.FIT
0068  20170915.95644     450528    1338785  8.81185  + 01.00556  05.93998  00881.93  16.80322  0559.44  0595.59  *C:\Capturas\Capturas_20170915\V547 Lac\New\V547 Lac-20170915_2256_000011926.FIT
0069  20170915.95803     452858    1331690  8.82328  + 01.00485  05.77988  00857.58  16.83939  0557.63  0596.11  *C:\Capturas\Capturas_20170915\V547 Lac\New\V547 Lac-20170915_2258_000011927.FIT
0070  20170915.95959     454037    1330194  8.82734  + 01.00421  05.95317  00851.21  16.85036  0554.46  0596.56  *C:\Capturas\Capturas_20170915\V547 Lac\New\V547 Lac-20170915_2300_000011928.FIT
0071  20170915.96117     456708    1325166  8.83787  + 01.00362  05.69979  00851.28  16.85667  0555.73  0596.68  *C:\Capturas\Capturas_20170915\V547 Lac\New\V547 Lac-20170915_2303_000011929.FIT
0072  20170915.96275     452675    1318068  8.83405  + 01.00308  05.94671  00841.91  16.85907  0554.48  0597.35  *C:\Capturas\Capturas_20170915\V547 Lac\New\V547 Lac-20170915_2305_000011930.FIT
0073  20170915.96433     454295    1317155  8.83871  + 01.00261  05.81210  00832.45  16.87529  0552.61  0597.80  *C:\Capturas\Capturas_20170915\V547 Lac\New\V547 Lac-20170915_2307_000011931.FIT
0074  20170915.96590     455829    1317914  8.84175  + 01.00219  05.66821  00843.68  16.86436  0550.73  0598.68  *C:\Capturas\Capturas_20170915\V547 Lac\New\V547 Lac-20170915_2309_000011932.FIT
