14 42 07.2
+56 21 29
11.889 CV


 NUM       FECHA MPC    COMPARA               VAR-1
----  --------------  ---------  ------------------
0000  20170701.88729    2027479    3023220  9.56413  + 01.04544  15.78966  03235.74  17.02602  0642.22  0360.80  *D:\Capturas\Capturas_20170701\GSC 3863-0740\New\GSC 3863-0740-20170701_2116_000010877.FIT
0001  20170701.88890    2027873    3007371  9.57008  + 01.04659  16.12317  02824.78  17.17441  0642.44  0359.17  *D:\Capturas\Capturas_20170701\GSC 3863-0740\New\GSC 3863-0740-20170701_2118_000010878.FIT
0002  20170701.89046    2012573    3000473  9.56432  + 01.04775  15.93041  02538.34  17.28280  0641.89  0357.28  *D:\Capturas\Capturas_20170701\GSC 3863-0740\New\GSC 3863-0740-20170701_2121_000010879.FIT
0003  20170701.89207    2014190    3009140  9.56205  + 01.04899  15.97519  02289.51  17.39623  0641.37  0355.48  *D:\Capturas\Capturas_20170701\GSC 3863-0740\New\GSC 3863-0740-20170701_2123_000010880.FIT
0004  20170701.89367    2030613    3031430  9.56286  + 01.05027  15.77984  02101.50  17.49857  0641.06  0354.06  *D:\Capturas\Capturas_20170701\GSC 3863-0740\New\GSC 3863-0740-20170701_2125_000010881.FIT
0005  20170701.89524    2027241    3024015  9.56372  + 01.05157  16.04234  01950.46  17.57812  0641.37  0352.20  *D:\Capturas\Capturas_20170701\GSC 3863-0740\New\GSC 3863-0740-20170701_2128_000010882.FIT
0006  20170701.89681    2032986    3050279  9.55737  + 01.05292  15.88793  01836.99  17.64660  0641.24  0349.74  *D:\Capturas\Capturas_20170701\GSC 3863-0740\New\GSC 3863-0740-20170701_2130_000010883.FIT
0007  20170701.89841    2036088    3053637  9.55784  + 01.05435  15.84287  01742.18  17.70607  0641.20  0348.13  *D:\Capturas\Capturas_20170701\GSC 3863-0740\New\GSC 3863-0740-20170701_2132_000010884.FIT
0008  20170701.90001    2046297    3056842  9.56215  + 01.05582  15.75277  01667.86  17.75909  0641.08  0346.52  *D:\Capturas\Capturas_20170701\GSC 3863-0740\New\GSC 3863-0740-20170701_2134_000010885.FIT
0009  20170701.90157    2051040    3074555  9.55837  + 01.05730  15.74200  01623.48  17.79103  0640.56  0345.46  *D:\Capturas\Capturas_20170701\GSC 3863-0740\New\GSC 3863-0740-20170701_2137_000010886.FIT
0010  20170701.90314    2068714    3090032  9.56225  + 01.05883  15.86200  01593.88  17.82047  0641.47  0343.34  *D:\Capturas\Capturas_20170701\GSC 3863-0740\New\GSC 3863-0740-20170701_2139_000010887.FIT
0011  20170701.90473    2061534    3091191  9.55805  + 01.06044  15.60352  01558.46  17.84120  0640.97  0341.59  *D:\Capturas\Capturas_20170701\GSC 3863-0740\New\GSC 3863-0740-20170701_2141_000010888.FIT
0012  20170701.90632    2055733    3104142  9.55042  + 01.06209  15.56547  01537.76  17.85271  0640.79  0340.50  *D:\Capturas\Capturas_20170701\GSC 3863-0740\New\GSC 3863-0740-20170701_2144_000010889.FIT
0013  20170701.90791    2067627    3106795  9.55578  + 01.06379  15.53350  01520.42  17.87137  0640.91  0338.99  *D:\Capturas\Capturas_20170701\GSC 3863-0740\New\GSC 3863-0740-20170701_2146_000010890.FIT
0014  20170701.90948    2076572    3131759  9.55176  + 01.06552  15.47818  01499.90  17.89091  0640.90  0337.88  *D:\Capturas\Capturas_20170701\GSC 3863-0740\New\GSC 3863-0740-20170701_2148_000010891.FIT
0015  20170701.91104    2080300    3146893  9.54845  + 01.06728  15.17642  01477.51  17.90927  0640.64  0336.91  *D:\Capturas\Capturas_20170701\GSC 3863-0740\New\GSC 3863-0740-20170701_2150_000010892.FIT
0016  20170701.91262    2062775    3141765  9.54100  + 01.06912  15.19218  01455.77  17.91622  0639.89  0335.68  *D:\Capturas\Capturas_20170701\GSC 3863-0740\New\GSC 3863-0740-20170701_2153_000010893.FIT
0017  20170701.91420    2087643    3201250  9.53361  + 01.07100  15.27785  01444.37  17.93786  0640.66  0334.64  *D:\Capturas\Capturas_20170701\GSC 3863-0740\New\GSC 3863-0740-20170701_2155_000010894.FIT
0018  20170701.91579    2080531    3209627  9.52704  + 01.07295  15.08060  01440.95  17.93672  0640.39  0333.54  *D:\Capturas\Capturas_20170701\GSC 3863-0740\New\GSC 3863-0740-20170701_2157_000010895.FIT
0019  20170701.91735    2087756    3220979  9.52697  + 01.07490  15.04845  01440.32  17.94099  0639.50  0332.49  *D:\Capturas\Capturas_20170701\GSC 3863-0740\New\GSC 3863-0740-20170701_2159_000010896.FIT
0020  20170701.91892    2073140    3240988  9.51255  + 01.07692  15.02756  01426.34  17.94396  0638.95  0331.26  *D:\Capturas\Capturas_20170701\GSC 3863-0740\New\GSC 3863-0740-20170701_2202_000010897.FIT
0021  20170701.92053    2093655    3284435  9.50876  + 01.07905  15.12579  01410.54  17.96686  0639.03  0330.16  *D:\Capturas\Capturas_20170701\GSC 3863-0740\New\GSC 3863-0740-20170701_2204_000010898.FIT
0022  20170701.92211    2102022    3297641  9.50874  + 01.08118  15.11981  01399.87  17.97949  0639.38  0329.04  *D:\Capturas\Capturas_20170701\GSC 3863-0740\New\GSC 3863-0740-20170701_2206_000010899.FIT
0023  20170701.92369    2090512    3326347  9.49329  + 01.08337  15.00580  01394.67  17.97756  0638.40  0327.86  *D:\Capturas\Capturas_20170701\GSC 3863-0740\New\GSC 3863-0740-20170701_2209_000010900.FIT
0024  20170701.92527    2107306    3368334  9.48834  + 01.08561  15.17800  01398.33  17.98343  0638.43  0326.93  *D:\Capturas\Capturas_20170701\GSC 3863-0740\New\GSC 3863-0740-20170701_2211_000010901.FIT
0025  20170701.92684    2094834    3375852  9.47943  + 01.08788  14.96532  01399.27  17.97622  0638.23  0326.00  *D:\Capturas\Capturas_20170701\GSC 3863-0740\New\GSC 3863-0740-20170701_2213_000010902.FIT
0026  20170701.92841    2100237    3417761  9.46878  + 01.09021  15.08976  01391.15  17.98539  0638.62  0324.93  *D:\Capturas\Capturas_20170701\GSC 3863-0740\New\GSC 3863-0740-20170701_2215_000010903.FIT
0027  20170701.92999    2093391    3449393  9.45517  + 01.09260  14.91626  01382.10  17.98894  0638.20  0323.87  *D:\Capturas\Capturas_20170701\GSC 3863-0740\New\GSC 3863-0740-20170701_2218_000010904.FIT
0028  20170701.93159    2100883    3501928  9.44257  + 01.09508  14.87712  01372.64  18.00033  0638.44  0322.74  *D:\Capturas\Capturas_20170701\GSC 3863-0740\New\GSC 3863-0740-20170701_2220_000010905.FIT
0029  20170701.93317    2106157    3534561  9.43519  + 01.09758  14.91903  01375.00  18.00119  0637.94  0321.55  *D:\Capturas\Capturas_20170701\GSC 3863-0740\New\GSC 3863-0740-20170701_2222_000010906.FIT
0030  20170701.93473    2098683    3573246  9.41944  + 01.10010  14.73786  01367.53  18.00325  0637.69  0320.50  *D:\Capturas\Capturas_20170701\GSC 3863-0740\New\GSC 3863-0740-20170701_2224_000010907.FIT
0031  20170701.93631    2102282    3616688  9.40812  + 01.10271  14.95150  01356.38  18.01406  0638.71  0319.23  *D:\Capturas\Capturas_20170701\GSC 3863-0740\New\GSC 3863-0740-20170701_2227_000010908.FIT
0032  20170701.93787    2097695    3655804  9.39400  + 01.10534  14.74750  01353.10  18.01432  0638.43  0318.35  *D:\Capturas\Capturas_20170701\GSC 3863-0740\New\GSC 3863-0740-20170701_2229_000010909.FIT
0033  20170701.93946    2104861    3702197  9.38397  + 01.10807  14.66316  01351.80  18.01909  0637.44  0317.55  *D:\Capturas\Capturas_20170701\GSC 3863-0740\New\GSC 3863-0740-20170701_2231_000010910.FIT
0034  20170701.94105    2108077    3769424  9.36600  + 01.11086  14.80525  01352.07  18.02054  0637.32  0316.78  *D:\Capturas\Capturas_20170701\GSC 3863-0740\New\GSC 3863-0740-20170701_2234_000010911.FIT
0035  20170701.94264    2119404    3812636  9.35941  + 01.11371  14.83400  01351.14  18.02713  0637.61  0315.48  *D:\Capturas\Capturas_20170701\GSC 3863-0740\New\GSC 3863-0740-20170701_2236_000010912.FIT
0036  20170701.94425    2115024    3845485  9.34779  + 01.11665  14.65145  01349.45  18.02624  0637.79  0314.55  *D:\Capturas\Capturas_20170701\GSC 3863-0740\New\GSC 3863-0740-20170701_2238_000010913.FIT
0037  20170701.94582    2097917    3878174  9.32970  + 01.11958  14.72626  01338.53  18.02624  0636.75  0313.89  *D:\Capturas\Capturas_20170701\GSC 3863-0740\New\GSC 3863-0740-20170701_2240_000010914.FIT
0038  20170701.94741    2116398    3931072  9.32449  + 01.12260  14.65398  01346.89  18.02902  0636.96  0312.87  *D:\Capturas\Capturas_20170701\GSC 3863-0740\New\GSC 3863-0740-20170701_2243_000010915.FIT
0039  20170701.94898    2105807    3954070  9.31265  + 01.12564  14.75600  01346.58  18.02379  0636.79  0311.82  *D:\Capturas\Capturas_20170701\GSC 3863-0740\New\GSC 3863-0740-20170701_2245_000010916.FIT
0040  20170701.95054    2107084    4004962  9.29936  + 01.12871  14.66993  01348.04  18.02328  0636.20  0311.00  *D:\Capturas\Capturas_20170701\GSC 3863-0740\New\GSC 3863-0740-20170701_2247_000010917.FIT
0041  20170701.95212    2104312    4034863  9.28981  + 01.13189  14.60469  01344.25  18.02491  0635.47  0310.10  *D:\Capturas\Capturas_20170701\GSC 3863-0740\New\GSC 3863-0740-20170701_2249_000010918.FIT
0042  20170701.95372    2103908    4072712  9.27942  + 01.13516  14.74868  01344.32  18.02464  0635.56  0309.02  *D:\Capturas\Capturas_20170701\GSC 3863-0740\New\GSC 3863-0740-20170701_2252_000010919.FIT
0043  20170701.95530    2113466    4132192  9.26854  + 01.13846  14.67138  01329.01  18.04208  0636.13  0308.20  *D:\Capturas\Capturas_20170701\GSC 3863-0740\New\GSC 3863-0740-20170701_2254_000010920.FIT
0044  20170701.95686    2116064    4119608  9.27321  + 01.14177  14.54487  01320.85  18.05014  0635.12  0307.32  *D:\Capturas\Capturas_20170701\GSC 3863-0740\New\GSC 3863-0740-20170701_2256_000010921.FIT
0045  20170701.95845    2121114    4142580  9.26974  + 01.14521  14.57294  01326.27  18.04827  0635.43  0306.50  *D:\Capturas\Capturas_20170701\GSC 3863-0740\New\GSC 3863-0740-20170701_2259_000010922.FIT
0046  20170701.96001    2082260    4130296  9.25282  + 01.14864  14.53298  01337.41  18.01899  0634.81  0305.57  *D:\Capturas\Capturas_20170701\GSC 3863-0740\New\GSC 3863-0740-20170701_2301_000010923.FIT
0047  20170701.96157    2051542    4048746  9.25836  + 01.15214  14.63208  01359.07  17.98524  0634.53  0304.77  *D:\Capturas\Capturas_20170701\GSC 3863-0740\New\GSC 3863-0740-20170701_2303_000010924.FIT
0048  20170701.96317    2034474    4045186  9.25020  + 01.15578  14.48548  01368.53  17.96856  0634.13  0303.91  *D:\Capturas\Capturas_20170701\GSC 3863-0740\New\GSC 3863-0740-20170701_2305_000010925.FIT
0049  20170701.96476    2067118    4130584  9.24478  + 01.15947  14.39890  01349.15  18.00149  0633.87  0303.17  *D:\Capturas\Capturas_20170701\GSC 3863-0740\New\GSC 3863-0740-20170701_2308_000010926.FIT
0050  20170701.96637    2059333    4132974  9.24003  + 01.16327  14.45243  01330.03  18.01294  0633.06  0302.28  *D:\Capturas\Capturas_20170701\GSC 3863-0740\New\GSC 3863-0740-20170701_2310_000010927.FIT
0051  20170701.96795    2006181    4047133  9.23440  + 01.16707  14.34800  01367.71  17.95394  0632.00  0301.62  *D:\Capturas\Capturas_20170701\GSC 3863-0740\New\GSC 3863-0740-20170701_2312_000010928.FIT
0052  20170701.96954    2006640    4052245  9.23327  + 01.17096  14.50148  01376.76  17.94699  0632.30  0300.86  *D:\Capturas\Capturas_20170701\GSC 3863-0740\New\GSC 3863-0740-20170701_2315_000010929.FIT
0053  20170701.97113    1985525    4026212  9.22876  + 01.17491  14.47031  01370.88  17.94012  0631.33  0300.29  *D:\Capturas\Capturas_20170701\GSC 3863-0740\New\GSC 3863-0740-20170701_2317_000010930.FIT
0054  20170701.97271    1956574    3961751  9.23035  + 01.17891  14.33651  01362.35  17.93090  0629.86  0299.32  *D:\Capturas\Capturas_20170701\GSC 3863-0740\New\GSC 3863-0740-20170701_2319_000010931.FIT
0055  20170701.97428    2016286    4087517  9.22905  + 01.18294  14.51865  01352.15  17.97190  0629.53  0298.56  *D:\Capturas\Capturas_20170701\GSC 3863-0740\New\GSC 3863-0740-20170701_2321_000010932.FIT
0056  20170701.97584    2029528    4135361  9.22349  + 01.18702  14.35667  01351.39  17.97966  0629.85  0297.80  *D:\Capturas\Capturas_20170701\GSC 3863-0740\New\GSC 3863-0740-20170701_2324_000010933.FIT
0057  20170701.97743    2055152    4182367  9.22485  + 01.19124  14.46038  01347.00  17.99690  0629.54  0296.87  *D:\Capturas\Capturas_20170701\GSC 3863-0740\New\GSC 3863-0740-20170701_2326_000010934.FIT
0058  20170701.97900    2065089    4231543  9.21736  + 01.19549  14.30799  01333.09  18.01348  0628.44  0295.95  *D:\Capturas\Capturas_20170701\GSC 3863-0740\New\GSC 3863-0740-20170701_2328_000010935.FIT
0059  20170701.98060    2096149    4276984  9.22199  + 01.19988  14.47201  01323.89  18.03732  0628.50  0295.12  *D:\Capturas\Capturas_20170701\GSC 3863-0740\New\GSC 3863-0740-20170701_2330_000010936.FIT
0060  20170701.98252    2093388    4261188  9.22459  + 01.20525  14.42204  01306.54  18.05027  0628.45  0294.15  *D:\Capturas\Capturas_20170701\GSC 3863-0740\New\GSC 3863-0740-20170701_2333_000010937.FIT
0061  20170701.98409    2081158    4206313  9.23234  + 01.20972  14.26543  01305.46  18.04479  0627.89  0293.15  *D:\Capturas\Capturas_20170701\GSC 3863-0740\New\GSC 3863-0740-20170701_2336_000010938.FIT
0062  20170701.98565    2022256    4097362  9.22965  + 01.21423  14.50865  01331.11  17.99224  0627.73  0292.51  *D:\Capturas\Capturas_20170701\GSC 3863-0740\New\GSC 3863-0740-20170701_2338_000010939.FIT
0063  20170701.98723    2022733    4094544  9.23066  + 01.21887  14.42786  01347.46  17.97917  0627.50  0291.70  *D:\Capturas\Capturas_20170701\GSC 3863-0740\New\GSC 3863-0740-20170701_2340_000010940.FIT
0064  20170701.98880    1984012    4030716  9.22671  + 01.22356  14.27977  01349.54  17.95641  0627.70  0290.84  *D:\Capturas\Capturas_20170701\GSC 3863-0740\New\GSC 3863-0740-20170701_2342_000010941.FIT
0065  20170701.99038    2036963    4099119  9.23709  + 01.22835  14.33358  01312.04  18.01588  0627.16  0289.78  *D:\Capturas\Capturas_20170701\GSC 3863-0740\New\GSC 3863-0740-20170701_2345_000010942.FIT
0066  20170701.99197    2030593    4109602  9.23088  + 01.23325  14.37857  01303.92  18.01924  0627.65  0288.79  *D:\Capturas\Capturas_20170701\GSC 3863-0740\New\GSC 3863-0740-20170701_2347_000010943.FIT
0067  20170701.99355    2021019    4045603  9.24285  + 01.23820  14.37610  01308.90  18.00992  0627.10  0287.93  *D:\Capturas\Capturas_20170701\GSC 3863-0740\New\GSC 3863-0740-20170701_2349_000010944.FIT
0068  20170701.99514    2043525    4058163  9.25155  + 01.24325  14.39602  01299.92  18.02952  0626.44  0287.08  *D:\Capturas\Capturas_20170701\GSC 3863-0740\New\GSC 3863-0740-20170701_2351_000010945.FIT
0069  20170701.99672    2068450    4114696  9.24968  + 01.24836  14.39641  01273.76  18.06492  0626.74  0286.16  *D:\Capturas\Capturas_20170701\GSC 3863-0740\New\GSC 3863-0740-20170701_2354_000010946.FIT
0070  20170701.99830    2045335    4072769  9.24860  + 01.25354  14.35132  01275.92  18.05081  0627.15  0285.36  *D:\Capturas\Capturas_20170701\GSC 3863-0740\New\GSC 3863-0740-20170701_2356_000010947.FIT
0071  20170701.99987    2063752    4058716  9.26215  + 01.25877  14.21850  01263.55  18.07122  0626.06  0284.29  *D:\Capturas\Capturas_20170701\GSC 3863-0740\New\GSC 3863-0740-20170701_2358_000010948.FIT
