FOTOMETRÍA ABSOLUTA

ESTRELLAS DE CALIBRADO:
   C1: 11.889

V467 Dra
FECHA J HELIO         MAG      +/-
----------------------------------
2457912.37978      11.138    0.002
2457912.38134      11.152    0.002
2457912.38294      11.155    0.002
2457912.38451      11.170    0.002
2457912.38609      11.174    0.002
2457912.38770      11.183    0.002
2457912.38928      11.193    0.002
2457912.39088      11.189    0.002
2457912.39245      11.196    0.002
2457912.39402      11.209    0.002
2457912.39558      11.206    0.002
2457912.39718      11.209    0.002
2457912.39877      11.220    0.002
2457912.40037      11.231    0.002
2457912.40193      11.232    0.002
2457912.40350      11.251    0.002
2457912.40507      11.251    0.002
2457912.40667      11.249    0.002
2457912.40823      11.250    0.002

Observador: F. Limon - Z50 - LFEA
FotoDif 3.98
