FOTOMETRÍA ABSOLUTA

ESTRELLAS DE CALIBRADO:
   C1: 11.889 CV

V467 Dra
FECHA J HELIO         MAG      +/-
----------------------------------
2457910.37330      11.125    0.002
2457910.37486      11.117    0.002
2457910.37647      11.126    0.002
2457910.37804      11.123    0.002
2457910.37962      11.119    0.002
2457910.38118      11.120    0.002
2457910.38278      11.119    0.002
2457910.38436      11.119    0.002
2457910.38593      11.124    0.002
2457910.38751      11.110    0.002
2457910.38907      11.105    0.002
2457910.39069      11.118    0.002
2457910.39226      11.126    0.002
2457910.39384      11.138    0.002
2457910.39545      11.136    0.002
2457910.39703      11.140    0.002
2457910.39861      11.144    0.002
2457910.40021      11.142    0.002
2457910.40182      11.148    0.002
2457910.40339      11.158    0.002
2457910.40498      11.167    0.002

Observador: F. Limon - Z50 - LFEA
FotoDif 3.98
