14 42 02.2
+56 22 56
11.889

>>> 14 42 02.2  +56 22 56

 NUM       FECHA MPC    COMPARA               VAR-1
----  --------------  ---------  ------------------
0000  20170607.87927    2058828    4110626  9.24568  + 01.04186  15.56175  05037.01  16.55996  0603.86  0508.39  *D:\Capturas\Capturas_20170607\GSC 3863-0740\New\GSC 3863-0740-20170607_2105_000010797.FIT
0001  20170607.88083    2070780    4083993  9.25908  + 01.04096  15.53972  04552.73  16.67655  0606.19  0512.14  *D:\Capturas\Capturas_20170607\GSC 3863-0740\New\GSC 3863-0740-20170607_2107_000010798.FIT
0002  20170607.88243    2052298    4033480  9.26288  + 01.04007  15.95030  04166.65  16.76344  0607.66  0515.56  *D:\Capturas\Capturas_20170607\GSC 3863-0740\New\GSC 3863-0740-20170607_2109_000010799.FIT
0003  20170607.88400    2067110    4008542  9.27749  + 01.03925  16.10908  03858.26  16.85518  0608.07  0518.03  *D:\Capturas\Capturas_20170607\GSC 3863-0740\New\GSC 3863-0740-20170607_2111_000010800.FIT
0004  20170607.88558    2087679    4032648  9.28175  + 01.03846  16.20418  03618.97  16.93583  0607.93  0518.89  *D:\Capturas\Capturas_20170607\GSC 3863-0740\New\GSC 3863-0740-20170607_2114_000010801.FIT
0005  20170607.88719    2063121    3952066  9.29086  + 01.03771  16.13759  03439.22  16.97850  0608.19  0520.80  *D:\Capturas\Capturas_20170607\GSC 3863-0740\New\GSC 3863-0740-20170607_2116_000010802.FIT
0006  20170607.88877    2054855    3901231  9.30061  + 01.03701  16.60179  03308.29  17.01646  0608.32  0522.86  *D:\Capturas\Capturas_20170607\GSC 3863-0740\New\GSC 3863-0740-20170607_2118_000010803.FIT
0007  20170607.89037    2082950    3969254  9.29656  + 01.03636  16.46768  03217.69  17.06157  0606.56  0524.80  *D:\Capturas\Capturas_20170607\GSC 3863-0740\New\GSC 3863-0740-20170607_2121_000010804.FIT
0008  20170607.89194    2081234    3939369  9.30391  + 01.03575  16.63242  03141.79  17.08671  0605.80  0526.72  *D:\Capturas\Capturas_20170607\GSC 3863-0740\New\GSC 3863-0740-20170607_2123_000010805.FIT
0009  20170607.89351    2048721    3833615  9.31642  + 01.03519  16.49069  03080.55  17.09101  0605.38  0528.44  *D:\Capturas\Capturas_20170607\GSC 3863-0740\New\GSC 3863-0740-20170607_2125_000010806.FIT
0010  20170607.89507    2050262    3846117  9.31369  + 01.03468  16.51424  03028.22  17.11052  0604.64  0529.45  *D:\Capturas\Capturas_20170607\GSC 3863-0740\New\GSC 3863-0740-20170607_2127_000010807.FIT
0011  20170607.89667    2053106    3840247  9.31687  + 01.03420  16.76899  02993.73  17.12453  0604.29  0531.11  *D:\Capturas\Capturas_20170607\GSC 3863-0740\New\GSC 3863-0740-20170607_2130_000010808.FIT
0012  20170607.89826    2069379    3832256  9.32775  + 01.03376  16.82417  02958.36  17.14611  0603.09  0532.03  *D:\Capturas\Capturas_20170607\GSC 3863-0740\New\GSC 3863-0740-20170607_2132_000010809.FIT
0013  20170607.89986    2075103    3804774  9.33862  + 01.03337  16.82609  02941.05  17.15553  0602.30  0533.12  *D:\Capturas\Capturas_20170607\GSC 3863-0740\New\GSC 3863-0740-20170607_2134_000010810.FIT
0014  20170607.90142    2062844    3777207  9.34009  + 01.03303  17.04131  02926.41  17.15451  0601.06  0534.70  *D:\Capturas\Capturas_20170607\GSC 3863-0740\New\GSC 3863-0740-20170607_2136_000010811.FIT
0015  20170607.90299    2054174    3695991  9.35920  + 01.03273  17.11857  02922.46  17.15138  0601.29  0536.95  *D:\Capturas\Capturas_20170607\GSC 3863-0740\New\GSC 3863-0740-20170607_2139_000010812.FIT
0016  20170607.90456    2068913    3724932  9.35850  + 01.03248  16.77537  02913.49  17.16254  0599.14  0539.27  *D:\Capturas\Capturas_20170607\GSC 3863-0740\New\GSC 3863-0740-20170607_2141_000010813.FIT
0017  20170607.90616    2060686    3714845  9.35711  + 01.03226  16.82150  02911.06  17.15910  0598.46  0540.49  *D:\Capturas\Capturas_20170607\GSC 3863-0740\New\GSC 3863-0740-20170607_2143_000010814.FIT
0018  20170607.90772    2072937    3733250  9.35818  + 01.03209  16.66296  02913.99  17.16447  0597.36  0540.55  *D:\Capturas\Capturas_20170607\GSC 3863-0740\New\GSC 3863-0740-20170607_2146_000010815.FIT
0019  20170607.90931    2059925    3662688  9.37213  + 01.03196  16.77621  02908.19  17.15977  0597.40  0541.98  *D:\Capturas\Capturas_20170607\GSC 3863-0740\New\GSC 3863-0740-20170607_2148_000010816.FIT
