14 42 05.0
+56 22 26
11.889 CV

>>> 14 42 05.0  +56 22 26

 NUM       FECHA MPC    COMPARA               VAR-1
----  --------------  ---------  ------------------
0000  20170605.87271    1735159    3507030  9.23233  + 01.05032  15.51742  10760.39  15.54527  0623.14  0438.67  *D:\Capturas\Capturas_20170605\GSC 3863-0740\New\GSC 3863-0740-20170605_2055_000010776.FIT
0001  20170605.87427    1600285    3257988  9.22441  + 01.04907  15.87739  09797.67  15.55924  0622.67  0437.73  *D:\Capturas\Capturas_20170605\GSC 3863-0740\New\GSC 3863-0740-20170605_2057_000010777.FIT
0002  20170605.87588    1607572    3245267  9.23364  + 01.04783  15.60479  08333.43  15.74079  0622.14  0437.69  *D:\Capturas\Capturas_20170605\GSC 3863-0740\New\GSC 3863-0740-20170605_2100_000010778.FIT
0003  20170605.87745    1726629    3496685  9.23018  + 01.04666  16.16880  06822.45  16.03699  0621.47  0438.09  *D:\Capturas\Capturas_20170605\GSC 3863-0740\New\GSC 3863-0740-20170605_2102_000010779.FIT
0004  20170605.87903    1866609    3793523  9.22633  + 01.04553  16.23451  05500.59  16.35698  0620.11  0439.49  *D:\Capturas\Capturas_20170605\GSC 3863-0740\New\GSC 3863-0740-20170605_2104_000010780.FIT
0005  20170605.88059    1995935    4053730  9.22704  + 01.04447  16.24373  04296.23  16.69965  0619.16  0440.39  *D:\Capturas\Capturas_20170605\GSC 3863-0740\New\GSC 3863-0740-20170605_2106_000010781.FIT
0006  20170605.88219    2046205    4157725  9.22654  + 01.04342  16.17850  03636.58  16.90864  0618.01  0441.47  *D:\Capturas\Capturas_20170605\GSC 3863-0740\New\GSC 3863-0740-20170605_2109_000010782.FIT
0007  20170605.88377    2067472    4203106  9.22598  + 01.04243  16.19232  03324.64  17.01776  0617.65  0442.33  *D:\Capturas\Capturas_20170605\GSC 3863-0740\New\GSC 3863-0740-20170605_2111_000010783.FIT
0008  20170605.88534    2040091    4125273  9.23182  + 01.04148  16.22260  03282.19  17.01724  0616.48  0443.57  *D:\Capturas\Capturas_20170605\GSC 3863-0740\New\GSC 3863-0740-20170605_2113_000010784.FIT
0009  20170605.88692    1979273    4057526  9.21687  + 01.04058  15.77427  03185.57  17.01682  0615.86  0444.87  *D:\Capturas\Capturas_20170605\GSC 3863-0740\New\GSC 3863-0740-20170605_2116_000010785.FIT
0010  20170605.88848    1908507    3929143  9.21223  + 01.03974  15.64776  03251.60  16.95472  0615.82  0445.82  *D:\Capturas\Capturas_20170605\GSC 3863-0740\New\GSC 3863-0740-20170605_2118_000010786.FIT
0011  20170605.89010    1923410    3913089  9.22518  + 01.03890  15.92554  03195.92  16.98204  0615.83  0445.93  *D:\Capturas\Capturas_20170605\GSC 3863-0740\New\GSC 3863-0740-20170605_2120_000010787.FIT
0012  20170605.89167    1851171    3737318  9.23355  + 01.03814  16.14688  03352.21  16.88819  0615.20  0446.38  *D:\Capturas\Capturas_20170605\GSC 3863-0740\New\GSC 3863-0740-20170605_2122_000010788.FIT
0013  20170605.89325    1794588    3584916  9.24511  + 01.03742  16.24535  03526.78  16.79894  0614.52  0447.01  *D:\Capturas\Capturas_20170605\GSC 3863-0740\New\GSC 3863-0740-20170605_2125_000010789.FIT
0014  20170605.89486    1629034    3258338  9.24372  + 01.03673  16.29530  03911.31  16.58045  0614.05  0448.20  *D:\Capturas\Capturas_20170605\GSC 3863-0740\New\GSC 3863-0740-20170605_2127_000010790.FIT
0015  20170605.89644    1707878    3404618  9.24738  + 01.03609  16.21219  03619.32  16.71666  0612.78  0449.21  *D:\Capturas\Capturas_20170605\GSC 3863-0740\New\GSC 3863-0740-20170605_2129_000010791.FIT
0016  20170605.89802    1641785    3259321  9.25190  + 01.03550  16.07534  03858.35  16.60383  0612.27  0450.60  *D:\Capturas\Capturas_20170605\GSC 3863-0740\New\GSC 3863-0740-20170605_2132_000010792.FIT
0017  20170605.89962    1561327    3106300  9.24954  + 01.03495  15.96300  04123.71  16.47645  0610.89  0451.98  *D:\Capturas\Capturas_20170605\GSC 3863-0740\New\GSC 3863-0740-20170605_2134_000010793.FIT
0018  20170605.90123    1606623    3178246  9.25576  + 01.03444  16.24672  03872.47  16.57623  0609.57  0453.01  *D:\Capturas\Capturas_20170605\GSC 3863-0740\New\GSC 3863-0740-20170605_2136_000010794.FIT
0019  20170605.90280    1587821    3113776  9.26528  + 01.03398  15.99061  03990.55  16.53062  0608.86  0453.17  *D:\Capturas\Capturas_20170605\GSC 3863-0740\New\GSC 3863-0740-20170605_2138_000010795.FIT
0020  20170605.90439    1530179    2976465  9.27414  + 01.03357  16.06117  04232.88  16.42596  0607.72  0453.36  *D:\Capturas\Capturas_20170605\GSC 3863-0740\New\GSC 3863-0740-20170605_2141_000010796.FIT
