23 20 48.0
+37 37 34
14.734 CV


 NUM       FECHA MPC    COMPARA    J232053.7+373851
----  --------------  ---------  ------------------
0000  20170922.87241      98277      85383 10.15343  + 01.15359  03.41017  01357.71  14.67143  0444.34  0680.52  *C:\Capturas\Capturas_20170922\CSS_J232053.7+373851\New\CSS_J232053.7+373851-20170922_2055_000012004.FIT
0001  20170922.87400     105467      90440 10.16769  + 01.14872  03.63545  01309.99  14.78749  0442.39  0681.51  *C:\Capturas\Capturas_20170922\CSS_J232053.7+373851\New\CSS_J232053.7+373851-20170922_2057_000012005.FIT
0002  20170922.87559      98544      84197 10.17165  + 01.14395  03.29859  01353.68  14.67763  0441.82  0682.30  *C:\Capturas\Capturas_20170922\CSS_J232053.7+373851\New\CSS_J232053.7+373851-20170922_2059_000012006.FIT
0003  20170922.87719     100625      87105 10.15741  + 01.13925  03.40718  01317.76  14.72977  0443.01  0683.45  *C:\Capturas\Capturas_20170922\CSS_J232053.7+373851\New\CSS_J232053.7+373851-20170922_2102_000012007.FIT
0004  20170922.87878     113804      96333 10.18182  + 01.13468  03.60475  01233.62  14.93602  0440.99  0684.12  *C:\Capturas\Capturas_20170922\CSS_J232053.7+373851\New\CSS_J232053.7+373851-20170922_2104_000012008.FIT
0005  20170922.88037     126061     106920 10.17966  + 01.13020  03.58625  01164.01  15.11097  0438.63  0685.16  *C:\Capturas\Capturas_20170922\CSS_J232053.7+373851\New\CSS_J232053.7+373851-20170922_2106_000012009.FIT
0006  20170922.88194     129274     107715 10.19904  + 01.12588  03.15387  01137.41  15.16365  0440.74  0686.65  *C:\Capturas\Capturas_20170922\CSS_J232053.7+373851\New\CSS_J232053.7+373851-20170922_2108_000012010.FIT
0007  20170922.88354     129274     108722 10.18889  + 01.12157  03.68868  01110.70  15.18958  0439.17  0687.08  *C:\Capturas\Capturas_20170922\CSS_J232053.7+373851\New\CSS_J232053.7+373851-20170922_2111_000012011.FIT
0008  20170922.88514     114332      95412 10.19735  + 01.11735  03.75931  01197.08  14.97387  0436.59  0688.30  *C:\Capturas\Capturas_20170922\CSS_J232053.7+373851\New\CSS_J232053.7+373851-20170922_2113_000012012.FIT
0009  20170922.88670     122394     100772 10.21206  + 01.11333  03.31942  01146.20  15.09559  0436.48  0689.24  *C:\Capturas\Capturas_20170922\CSS_J232053.7+373851\New\CSS_J232053.7+373851-20170922_2115_000012013.FIT
0010  20170922.88829     119497      99436 10.20049  + 01.10932  03.81547  01145.95  15.06970  0438.03  0690.11  *C:\Capturas\Capturas_20170922\CSS_J232053.7+373851\New\CSS_J232053.7+373851-20170922_2118_000012014.FIT
0011  20170922.88988     120203      99755 10.20342  + 01.10540  03.70298  01140.25  15.08156  0435.98  0690.83  *C:\Capturas\Capturas_20170922\CSS_J232053.7+373851\New\CSS_J232053.7+373851-20170922_2120_000012015.FIT
0012  20170922.89147     129380     108556 10.19145  + 01.10156  03.27526  01094.69  15.20631  0434.18  0691.58  *C:\Capturas\Capturas_20170922\CSS_J232053.7+373851\New\CSS_J232053.7+373851-20170922_2122_000012016.FIT
0013  20170922.89307     132172     108838 10.21191  + 01.09779  03.59580  01071.35  15.25311  0435.27  0692.89  *C:\Capturas\Capturas_20170922\CSS_J232053.7+373851\New\CSS_J232053.7+373851-20170922_2124_000012017.FIT
0014  20170922.89466     128984     106243 10.21160  + 01.09413  03.37920  01086.53  15.21113  0434.27  0693.55  *C:\Capturas\Capturas_20170922\CSS_J232053.7+373851\New\CSS_J232053.7+373851-20170922_2127_000012018.FIT
0015  20170922.89625     129995     106033 10.22228  + 01.09055  03.72040  01062.58  15.24396  0433.29  0694.35  *C:\Capturas\Capturas_20170922\CSS_J232053.7+373851\New\CSS_J232053.7+373851-20170922_2129_000012019.FIT
0016  20170922.89784     128852     106287 10.21003  + 01.08706  03.80745  01070.31  15.22642  0432.28  0695.04  *C:\Capturas\Capturas_20170922\CSS_J232053.7+373851\New\CSS_J232053.7+373851-20170922_2131_000012020.FIT
0017  20170922.89940     135303     112423 10.20210  + 01.08371  03.47545  01041.04  15.30997  0433.20  0695.96  *C:\Capturas\Capturas_20170922\CSS_J232053.7+373851\New\CSS_J232053.7+373851-20170922_2134_000012021.FIT
0018  20170922.90100     132695     108779 10.21681  + 01.08036  03.48093  01035.03  15.29505  0431.40  0696.88  *C:\Capturas\Capturas_20170922\CSS_J232053.7+373851\New\CSS_J232053.7+373851-20170922_2136_000012022.FIT
0019  20170922.90257     115198      96516 10.19304  + 01.07715  03.60171  01092.35  15.08198  0429.64  0697.65  *C:\Capturas\Capturas_20170922\CSS_J232053.7+373851\New\CSS_J232053.7+373851-20170922_2138_000012023.FIT
0020  20170922.90413     117872      98818 10.19236  + 01.07404  04.22148  01075.05  15.12444  0430.45  0698.56  *C:\Capturas\Capturas_20170922\CSS_J232053.7+373851\New\CSS_J232053.7+373851-20170922_2140_000012024.FIT
0021  20170922.90573     122916     106025 10.16127  + 01.07093  03.55331  01051.66  15.19415  0428.80  0699.55  *C:\Capturas\Capturas_20170922\CSS_J232053.7+373851\New\CSS_J232053.7+373851-20170922_2143_000012025.FIT
0022  20170922.90733     110335      96438 10.14686  + 01.06789  03.38532  01104.85  15.02252  0427.43  0700.36  *C:\Capturas\Capturas_20170922\CSS_J232053.7+373851\New\CSS_J232053.7+373851-20170922_2145_000012026.FIT
0023  20170922.90890     120356     108783 10.11029  + 01.06499  03.29457  01065.20  15.15723  0426.71  0701.27  *C:\Capturas\Capturas_20170922\CSS_J232053.7+373851\New\CSS_J232053.7+373851-20170922_2147_000012027.FIT
0024  20170922.91047     131724     119645 10.10493  + 01.06216  03.49214  01017.82  15.30533  0428.24  0701.90  *C:\Capturas\Capturas_20170922\CSS_J232053.7+373851\New\CSS_J232053.7+373851-20170922_2149_000012028.FIT
0025  20170922.91204     120979     119460 10.01378  + 01.05941  03.26423  01021.63  15.20842  0425.83  0702.70  *C:\Capturas\Capturas_20170922\CSS_J232053.7+373851\New\CSS_J232053.7+373851-20170922_2152_000012029.FIT
0026  20170922.91361     126969     128667  9.98551  + 01.05672  03.17249  01011.33  15.27220  0424.23  0703.38  *C:\Capturas\Capturas_20170922\CSS_J232053.7+373851\New\CSS_J232053.7+373851-20170922_2154_000012030.FIT
0027  20170922.91521     137961     146675  9.93318  + 01.05406  03.23522  00959.92  15.41970  0425.38  0703.98  *C:\Capturas\Capturas_20170922\CSS_J232053.7+373851\New\CSS_J232053.7+373851-20170922_2156_000012031.FIT
0028  20170922.91677     137670     156756  9.85836  + 01.05154  03.40520  00962.07  15.41495  0424.71  0705.01  *C:\Capturas\Capturas_20170922\CSS_J232053.7+373851\New\CSS_J232053.7+373851-20170922_2159_000012032.FIT
0029  20170922.91834     136101     165713  9.78524  + 01.04907  03.17841  00967.65  15.39614  0422.58  0705.71  *C:\Capturas\Capturas_20170922\CSS_J232053.7+373851\New\CSS_J232053.7+373851-20170922_2201_000012033.FIT
0030  20170922.91992     138029     178810  9.71760  + 01.04666  03.09301  00945.31  15.43696  0420.75  0706.47  *C:\Capturas\Capturas_20170922\CSS_J232053.7+373851\New\CSS_J232053.7+373851-20170922_2203_000012034.FIT
0031  20170922.92150     138485     185912  9.67870  + 01.04432  03.46912  00930.06  15.45830  0422.62  0706.95  *C:\Capturas\Capturas_20170922\CSS_J232053.7+373851\New\CSS_J232053.7+373851-20170922_2205_000012035.FIT
0032  20170922.92307     135384     179834  9.69026  + 01.04206  03.74782  00947.05  15.41384  0420.29  0707.90  *C:\Capturas\Capturas_20170922\CSS_J232053.7+373851\New\CSS_J232053.7+373851-20170922_2208_000012036.FIT
0033  20170922.92464     140244     187099  9.68553  + 01.03987  03.00758  00939.08  15.46154  0418.35  0708.64  *C:\Capturas\Capturas_20170922\CSS_J232053.7+373851\New\CSS_J232053.7+373851-20170922_2210_000012037.FIT
0034  20170922.92620     142375     189206  9.68977  + 01.03776  03.11250  00924.25  15.49536  0418.72  0709.41  *C:\Capturas\Capturas_20170922\CSS_J232053.7+373851\New\CSS_J232053.7+373851-20170922_2212_000012038.FIT
0035  20170922.92778     142287     186218  9.70646  + 01.03569  03.27989  00922.14  15.49718  0418.28  0710.21  *C:\Capturas\Capturas_20170922\CSS_J232053.7+373851\New\CSS_J232053.7+373851-20170922_2214_000012039.FIT
0036  20170922.92937     140222     180559  9.72417  + 01.03367  03.25385  00924.88  15.47800  0416.84  0710.54  *C:\Capturas\Capturas_20170922\CSS_J232053.7+373851\New\CSS_J232053.7+373851-20170922_2217_000012040.FIT
0037  20170922.93096     142577     175889  9.77093  + 01.03172  03.27925  00910.21  15.51361  0415.87  0711.56  *C:\Capturas\Capturas_20170922\CSS_J232053.7+373851\New\CSS_J232053.7+373851-20170922_2219_000012041.FIT
0038  20170922.93255     142507     173001  9.78846  + 01.02984  03.44427  00933.66  15.48532  0416.82  0711.95  *C:\Capturas\Capturas_20170922\CSS_J232053.7+373851\New\CSS_J232053.7+373851-20170922_2221_000012042.FIT
0039  20170922.93412     135871     163536  9.79782  + 01.02805  03.65882  00941.32  15.42438  0415.55  0712.47  *C:\Capturas\Capturas_20170922\CSS_J232053.7+373851\New\CSS_J232053.7+373851-20170922_2224_000012043.FIT
0040  20170922.93569     139970     163534  9.83026  + 01.02632  03.42871  00931.22  15.46858  0413.86  0713.19  *C:\Capturas\Capturas_20170922\CSS_J232053.7+373851\New\CSS_J232053.7+373851-20170922_2226_000012044.FIT
0041  20170922.93728     137860     156012  9.86506  + 01.02464  03.90867  00923.75  15.46080  0414.23  0713.66  *C:\Capturas\Capturas_20170922\CSS_J232053.7+373851\New\CSS_J232053.7+373851-20170922_2228_000012045.FIT
0042  20170922.93887     139290     156345  9.87399  + 01.02301  03.35405  00936.19  15.45746  0413.07  0714.35  *C:\Capturas\Capturas_20170922\CSS_J232053.7+373851\New\CSS_J232053.7+373851-20170922_2230_000012046.FIT
0043  20170922.94044     141952     153839  9.91227  + 01.02148  03.50411  00928.30  15.48735  0411.99  0714.79  *C:\Capturas\Capturas_20170922\CSS_J232053.7+373851\New\CSS_J232053.7+373851-20170922_2233_000012047.FIT
0044  20170922.94203     140141     151469  9.91520  + 01.01999  03.14023  00945.55  15.45325  0411.34  0715.27  *C:\Capturas\Capturas_20170922\CSS_J232053.7+373851\New\CSS_J232053.7+373851-20170922_2235_000012048.FIT
0045  20170922.94360     139602     147822  9.93758  + 01.01857  03.34300  00940.17  15.45527  0412.42  0715.96  *C:\Capturas\Capturas_20170922\CSS_J232053.7+373851\New\CSS_J232053.7+373851-20170922_2237_000012049.FIT
0046  20170922.94520     139072     148426  9.92899  + 01.01720  03.28066  00932.52  15.46004  0410.25  0716.78  *C:\Capturas\Capturas_20170922\CSS_J232053.7+373851\New\CSS_J232053.7+373851-20170922_2240_000012050.FIT
0047  20170922.94682     135161     142441  9.94277  + 01.01587  03.68138  00939.76  15.42048  0407.74  0717.29  *C:\Capturas\Capturas_20170922\CSS_J232053.7+373851\New\CSS_J232053.7+373851-20170922_2242_000012051.FIT
0048  20170922.94838     136822     138165  9.98934  + 01.01466  03.53013  00946.59  15.42591  0408.81  0718.01  *C:\Capturas\Capturas_20170922\CSS_J232053.7+373851\New\CSS_J232053.7+373851-20170922_2244_000012052.FIT
0049  20170922.94995     139858     139765 10.00073  + 01.01349  03.59349  00929.89  15.46926  0407.29  0718.64  *C:\Capturas\Capturas_20170922\CSS_J232053.7+373851\New\CSS_J232053.7+373851-20170922_2246_000012053.FIT
0050  20170922.95156     141481     138904 10.02005  + 01.01236  03.58934  00925.91  15.48654  0405.60  0719.06  *C:\Capturas\Capturas_20170922\CSS_J232053.7+373851\New\CSS_J232053.7+373851-20170922_2249_000012054.FIT
0051  20170922.95315     140903     139596 10.01017  + 01.01131  03.24406  00927.98  15.47963  0403.54  0719.76  *C:\Capturas\Capturas_20170922\CSS_J232053.7+373851\New\CSS_J232053.7+373851-20170922_2251_000012055.FIT
0052  20170922.95471     137530     134037 10.02807  + 01.01034  03.61472  00932.78  15.44757  0405.81  0719.92  *C:\Capturas\Capturas_20170922\CSS_J232053.7+373851\New\CSS_J232053.7+373851-20170922_2253_000012056.FIT
0053  20170922.95631     140488     134862 10.04459  + 01.00940  03.35099  00927.53  15.47694  0404.10  0720.56  *C:\Capturas\Capturas_20170922\CSS_J232053.7+373851\New\CSS_J232053.7+373851-20170922_2255_000012057.FIT
0054  20170922.95787     141806     136070 10.04505  + 01.00854  03.43224  00923.59  15.49177  0401.83  0720.96  *C:\Capturas\Capturas_20170922\CSS_J232053.7+373851\New\CSS_J232053.7+373851-20170922_2258_000012058.FIT
0055  20170922.95980     142438     134409 10.06330  + 01.00757  03.21237  00928.79  15.49050  0402.21  0721.33  *C:\Capturas\Capturas_20170922\CSS_J232053.7+373851\New\CSS_J232053.7+373851-20170922_2301_000012059.FIT
0056  20170922.96140     142738     133436 10.07352  + 01.00683  03.24555  00922.31  15.50043  0399.16  0722.52  *C:\Capturas\Capturas_20170922\CSS_J232053.7+373851\New\CSS_J232053.7+373851-20170922_2303_000012060.FIT
0057  20170922.96297     140573     129868 10.08641  + 01.00616  03.70065  00929.29  15.47553  0397.91  0722.84  *C:\Capturas\Capturas_20170922\CSS_J232053.7+373851\New\CSS_J232053.7+373851-20170922_2305_000012061.FIT
0058  20170922.96456     139571     129212 10.08413  + 01.00554  03.77638  00925.81  15.47183  0397.35  0723.17  *C:\Capturas\Capturas_20170922\CSS_J232053.7+373851\New\CSS_J232053.7+373851-20170922_2307_000012062.FIT
0059  20170922.96613     141587     132370 10.07344  + 01.00499  03.45382  00934.48  15.47730  0398.02  0723.41  *C:\Capturas\Capturas_20170922\CSS_J232053.7+373851\New\CSS_J232053.7+373851-20170922_2310_000012063.FIT
0060  20170922.96770     141738     128236 10.10921  + 01.00450  03.48341  00936.86  15.47568  0395.17  0724.29  *C:\Capturas\Capturas_20170922\CSS_J232053.7+373851\New\CSS_J232053.7+373851-20170922_2312_000012064.FIT
0061  20170922.96929     139658     125863 10.11346  + 01.00406  03.71514  00943.77  15.45154  0393.65  0724.73  *C:\Capturas\Capturas_20170922\CSS_J232053.7+373851\New\CSS_J232053.7+373851-20170922_2314_000012065.FIT
0062  20170922.97089     141529     127282 10.11575  + 01.00367  03.59623  00937.25  15.47362  0395.00  0725.30  *C:\Capturas\Capturas_20170922\CSS_J232053.7+373851\New\CSS_J232053.7+373851-20170922_2316_000012066.FIT
0063  20170922.97245     142579     128717 10.11158  + 01.00336  03.50048  00940.00  15.47850  0393.07  0725.65  *C:\Capturas\Capturas_20170922\CSS_J232053.7+373851\New\CSS_J232053.7+373851-20170922_2319_000012067.FIT
0064  20170922.97405     145253     128003 10.13792  + 01.00310  03.22195  00941.50  15.49703  0390.60  0726.08  *C:\Capturas\Capturas_20170922\CSS_J232053.7+373851\New\CSS_J232053.7+373851-20170922_2321_000012068.FIT
0065  20170922.97561     146417     128947 10.13861  + 01.00290  03.26083  00945.00  15.50168  0389.86  0726.46  *C:\Capturas\Capturas_20170922\CSS_J232053.7+373851\New\CSS_J232053.7+373851-20170922_2323_000012069.FIT
0066  20170922.97720     143028     125124 10.14590  + 01.00275  03.57773  00949.33  15.47115  0391.16  0726.64  *C:\Capturas\Capturas_20170922\CSS_J232053.7+373851\New\CSS_J232053.7+373851-20170922_2326_000012070.FIT
0067  20170922.97880     144146     127361 10.13506  + 01.00267  03.24963  00942.71  15.48727  0389.24  0727.17  *C:\Capturas\Capturas_20170922\CSS_J232053.7+373851\New\CSS_J232053.7+373851-20170922_2328_000012071.FIT
0068  20170922.98037     143447     125316 10.14742  + 01.00264  03.47592  00948.32  15.47550  0385.97  0727.58  *C:\Capturas\Capturas_20170922\CSS_J232053.7+373851\New\CSS_J232053.7+373851-20170922_2330_000012072.FIT
0069  20170922.98197     143494     126050 10.14140  + 01.00268  03.37993  00960.91  15.46147  0387.03  0727.74  *C:\Capturas\Capturas_20170922\CSS_J232053.7+373851\New\CSS_J232053.7+373851-20170922_2332_000012073.FIT
0070  20170922.98353     143816     120497 10.19300  + 01.00277  03.77610  00946.74  15.48012  0386.75  0728.18  *C:\Capturas\Capturas_20170922\CSS_J232053.7+373851\New\CSS_J232053.7+373851-20170922_2335_000012074.FIT
0071  20170922.98514     146076     122332 10.19352  + 01.00292  03.29033  00942.73  15.50176  0383.95  0728.52  *C:\Capturas\Capturas_20170922\CSS_J232053.7+373851\New\CSS_J232053.7+373851-20170922_2337_000012075.FIT
0072  20170922.98672     146290     120668 10.21006  + 01.00313  03.50648  00964.71  15.47822  0382.95  0729.19  *C:\Capturas\Capturas_20170922\CSS_J232053.7+373851\New\CSS_J232053.7+373851-20170922_2339_000012076.FIT
0073  20170922.98832     141374     119449 10.18385  + 01.00340  03.54602  00966.66  15.43872  0382.08  0729.23  *C:\Capturas\Capturas_20170922\CSS_J232053.7+373851\New\CSS_J232053.7+373851-20170922_2342_000012077.FIT
0074  20170922.98988     142502     117950 10.20629  + 01.00372  03.73353  00948.39  15.46821  0380.87  0729.60  *C:\Capturas\Capturas_20170922\CSS_J232053.7+373851\New\CSS_J232053.7+373851-20170922_2344_000012078.FIT
0075  20170922.99146     144802     120746 10.19820  + 01.00411  03.38829  00946.98  15.48730  0378.72  0729.94  *C:\Capturas\Capturas_20170922\CSS_J232053.7+373851\New\CSS_J232053.7+373851-20170922_2346_000012079.FIT
0076  20170922.99306     144816     119005 10.21415  + 01.00456  03.41292  00958.14  15.47462  0380.17  0730.31  *C:\Capturas\Capturas_20170922\CSS_J232053.7+373851\New\CSS_J232053.7+373851-20170922_2348_000012080.FIT
0077  20170922.99465     144162     121268 10.18866  + 01.00506  03.27511  00962.94  15.46423  0378.87  0730.33  *C:\Capturas\Capturas_20170922\CSS_J232053.7+373851\New\CSS_J232053.7+373851-20170922_2351_000012081.FIT
0078  20170922.99622     139819     113204 10.23036  + 01.00562  03.97939  00952.26  15.44302  0377.10  0730.46  *C:\Capturas\Capturas_20170922\CSS_J232053.7+373851\New\CSS_J232053.7+373851-20170922_2353_000012082.FIT
0079  20170922.99781     140794     117850 10.19406  + 01.00625  03.68868  00964.19  15.43703  0376.82  0730.80  *C:\Capturas\Capturas_20170922\CSS_J232053.7+373851\New\CSS_J232053.7+373851-20170922_2355_000012083.FIT
