08 19 18.0
+41 59 00
CAL-1


 NUM       FECHA MPC    COMPARA              KP LYN
----  --------------  ---------  ------------------
0000  20170412.84325    1173751    3213509  8.90124  + 01.01946  06.90567  00747.86  18.02773  0858.02  0565.74  *C:\Capturas\Capturas_20170412\GSC-2977-0238\New\GSC-2977-0238-20170412_2013_000009906.FIT
0001  20170412.84417    1174279    3215269  8.90114  + 01.02034  06.92750  00740.08  18.03964  0856.93  0563.90  *C:\Capturas\Capturas_20170412\GSC-2977-0238\New\GSC-2977-0238-20170412_2015_000009907.FIT
0002  20170412.84507    1169935    3233927  8.89078  + 01.02123  07.05013  00744.70  18.02880  0856.34  0563.94  *C:\Capturas\Capturas_20170412\GSC-2977-0238\New\GSC-2977-0238-20170412_2016_000009908.FIT
0003  20170412.84596    1173852    3242085  8.89168  + 01.02212  07.02950  00748.52  18.02688  0856.61  0564.62  *C:\Capturas\Capturas_20170412\GSC-2977-0238\New\GSC-2977-0238-20170412_2017_000009909.FIT
0004  20170412.84683    1177023    3264489  8.88711  + 01.02301  07.08945  00753.75  18.02221  0858.13  0563.75  *C:\Capturas\Capturas_20170412\GSC-2977-0238\New\GSC-2977-0238-20170412_2018_000009910.FIT
0005  20170412.84772    1167070    3284626  8.87113  + 01.02394  07.05583  00767.29  17.99353  0856.91  0562.44  *C:\Capturas\Capturas_20170412\GSC-2977-0238\New\GSC-2977-0238-20170412_2020_000009911.FIT
0006  20170412.84860    1171622    3306588  8.86811  + 01.02488  07.17143  00775.04  17.98681  0857.42  0561.19  *C:\Capturas\Capturas_20170412\GSC-2977-0238\New\GSC-2977-0238-20170412_2021_000009912.FIT
0007  20170412.84947    1165338    3340850  8.85100  + 01.02582  07.36981  00785.32  17.96657  0856.38  0559.90  *C:\Capturas\Capturas_20170412\GSC-2977-0238\New\GSC-2977-0238-20170412_2022_000009913.FIT
0008  20170412.85035    1166618    3364815  8.84440  + 01.02680  07.44625  00804.69  17.94119  0855.33  0558.72  *C:\Capturas\Capturas_20170412\GSC-2977-0238\New\GSC-2977-0238-20170412_2023_000009914.FIT
0009  20170412.85125    1164101    3422653  8.82345  + 01.02782  07.52517  00810.80  17.93058  0857.80  0557.42  *C:\Capturas\Capturas_20170412\GSC-2977-0238\New\GSC-2977-0238-20170412_2025_000009915.FIT
0010  20170412.85213    1164223    3469456  8.80875  + 01.02883  07.37209  00829.16  17.90626  0857.75  0555.89  *C:\Capturas\Capturas_20170412\GSC-2977-0238\New\GSC-2977-0238-20170412_2026_000009916.FIT
0011  20170412.85301    1168823    3540339  8.79098  + 01.02987  07.63366  00845.01  17.88991  0858.41  0554.83  *C:\Capturas\Capturas_20170412\GSC-2977-0238\New\GSC-2977-0238-20170412_2027_000009917.FIT
0012  20170412.85390    1165843    3599928  8.76999  + 01.03093  07.55426  00861.12  17.86652  0857.75  0553.27  *C:\Capturas\Capturas_20170412\GSC-2977-0238\New\GSC-2977-0238-20170412_2029_000009918.FIT
0013  20170412.85477    1167842    3686326  8.74599  + 01.03199  07.55099  00879.54  17.84529  0857.90  0551.83  *C:\Capturas\Capturas_20170412\GSC-2977-0238\New\GSC-2977-0238-20170412_2030_000009919.FIT
0014  20170412.85567    1168637    3781818  8.71883  + 01.03311  07.84699  00897.07  17.82451  0856.92  0550.44  *C:\Capturas\Capturas_20170412\GSC-2977-0238\New\GSC-2977-0238-20170412_2031_000009920.FIT
0015  20170412.85660    1166008    3881367  8.68802  + 01.03428  07.89113  00913.98  17.80168  0856.94  0548.80  *C:\Capturas\Capturas_20170412\GSC-2977-0238\New\GSC-2977-0238-20170412_2032_000009921.FIT
0016  20170412.85747    1164899    4025561  8.64719  + 01.03540  08.01969  00933.15  17.77799  0859.69  0547.58  *C:\Capturas\Capturas_20170412\GSC-2977-0238\New\GSC-2977-0238-20170412_2034_000009922.FIT
0017  20170412.85833    1161490    4146969  8.61158  + 01.03653  07.88431  00951.24  17.75386  0857.94  0546.49  *C:\Capturas\Capturas_20170412\GSC-2977-0238\New\GSC-2977-0238-20170412_2035_000009923.FIT
0018  20170412.85920    1162260    4285030  8.57657  + 01.03768  07.84082  00965.53  17.73831  0858.95  0545.38  *C:\Capturas\Capturas_20170412\GSC-2977-0238\New\GSC-2977-0238-20170412_2036_000009924.FIT
0019  20170412.86007    1165084    4403587  8.54945  + 01.03886  07.75449  00978.48  17.72642  0857.65  0544.53  *C:\Capturas\Capturas_20170412\GSC-2977-0238\New\GSC-2977-0238-20170412_2037_000009925.FIT
0020  20170412.86095    1156398    4529752  8.51047  + 01.04007  07.70931  00993.82  17.70129  0857.49  0543.46  *C:\Capturas\Capturas_20170412\GSC-2977-0238\New\GSC-2977-0238-20170412_2039_000009926.FIT
0021  20170412.86182    1158383    4621786  8.49039  + 01.04128  07.87428  01012.31  17.68305  0857.20  0542.53  *C:\Capturas\Capturas_20170412\GSC-2977-0238\New\GSC-2977-0238-20170412_2040_000009927.FIT
0022  20170412.86269    1154477    4685788  8.47171  + 01.04252  07.88562  01026.15  17.66455  0858.28  0541.77  *C:\Capturas\Capturas_20170412\GSC-2977-0238\New\GSC-2977-0238-20170412_2041_000009928.FIT
0023  20170412.86359    1160073    4730901  8.46653  + 01.04381  07.67900  01046.82  17.64807  0859.76  0540.89  *C:\Capturas\Capturas_20170412\GSC-2977-0238\New\GSC-2977-0238-20170412_2042_000009929.FIT
0024  20170412.86446    1151544    4758077  8.45223  + 01.04509  07.60728  01065.68  17.62054  0858.00  0539.97  *C:\Capturas\Capturas_20170412\GSC-2977-0238\New\GSC-2977-0238-20170412_2044_000009930.FIT
0025  20170412.86532    1157972    4736941  8.46316  + 01.04637  08.08873  01076.76  17.61532  0859.50  0538.76  *C:\Capturas\Capturas_20170412\GSC-2977-0238\New\GSC-2977-0238-20170412_2045_000009931.FIT
0026  20170412.86619    1154980    4725591  8.46295  + 01.04768  08.00462  01092.09  17.59709  0858.39  0537.74  *C:\Capturas\Capturas_20170412\GSC-2977-0238\New\GSC-2977-0238-20170412_2046_000009932.FIT
0027  20170412.86706    1155675    4698710  8.46983  + 01.04902  07.91021  01103.55  17.58635  0857.60  0536.81  *C:\Capturas\Capturas_20170412\GSC-2977-0238\New\GSC-2977-0238-20170412_2047_000009933.FIT
0028  20170412.86794    1151147    4662542  8.47398  + 01.05039  08.10370  01117.91  17.56797  0859.14  0535.79  *C:\Capturas\Capturas_20170412\GSC-2977-0238\New\GSC-2977-0238-20170412_2049_000009934.FIT
0029  20170412.86882    1159765    4631687  8.48936  + 01.05178  07.94189  01131.08  17.56332  0859.16  0535.13  *C:\Capturas\Capturas_20170412\GSC-2977-0238\New\GSC-2977-0238-20170412_2050_000009935.FIT
0030  20170412.86969    1152811    4572811  8.49676  + 01.05317  07.92923  01145.83  17.54263  0860.91  0534.51  *C:\Capturas\Capturas_20170412\GSC-2977-0238\New\GSC-2977-0238-20170412_2051_000009936.FIT
0031  20170412.87057    1148581    4532849  8.50232  + 01.05461  08.00766  01166.34  17.51926  0859.89  0533.45  *C:\Capturas\Capturas_20170412\GSC-2977-0238\New\GSC-2977-0238-20170412_2053_000009937.FIT
0032  20170412.87144    1150259    4486455  8.51514  + 01.05604  08.02167  01179.44  17.50867  0859.88  0532.33  *C:\Capturas\Capturas_20170412\GSC-2977-0238\New\GSC-2977-0238-20170412_2054_000009938.FIT
0033  20170412.87231    1147994    4440400  8.52424  + 01.05750  07.88710  01190.54  17.49630  0858.50  0532.13  *C:\Capturas\Capturas_20170412\GSC-2977-0238\New\GSC-2977-0238-20170412_2055_000009939.FIT
0034  20170412.87318    1149003    4392046  8.53715  + 01.05898  07.88994  01201.70  17.48708  0858.05  0531.53  *C:\Capturas\Capturas_20170412\GSC-2977-0238\New\GSC-2977-0238-20170412_2056_000009940.FIT
0035  20170412.87406    1152733    4343913  8.55271  + 01.06049  08.10832  01217.11  17.47672  0861.20  0530.84  *C:\Capturas\Capturas_20170412\GSC-2977-0238\New\GSC-2977-0238-20170412_2058_000009941.FIT
0036  20170412.87494    1147733    4274960  8.56542  + 01.06203  07.94881  01231.74  17.45893  0859.46  0530.13  *C:\Capturas\Capturas_20170412\GSC-2977-0238\New\GSC-2977-0238-20170412_2059_000009942.FIT
0037  20170412.87581    1142196    4229505  8.57181  + 01.06357  07.89402  01244.91  17.44205  0860.93  0529.49  *C:\Capturas\Capturas_20170412\GSC-2977-0238\New\GSC-2977-0238-20170412_2100_000009943.FIT
0038  20170412.87670    1152245    4169313  8.59700  + 01.06517  07.80330  01255.02  17.44279  0859.60  0529.16  *C:\Capturas\Capturas_20170412\GSC-2977-0238\New\GSC-2977-0238-20170412_2101_000009944.FIT
0039  20170412.87757    1145991    4120065  8.60402  + 01.06676  07.74096  01273.42  17.42097  0859.36  0528.50  *C:\Capturas\Capturas_20170412\GSC-2977-0238\New\GSC-2977-0238-20170412_2103_000009945.FIT
0040  20170412.87844    1145956    4057168  8.62077  + 01.06836  08.41833  01282.90  17.41285  0860.06  0528.11  *C:\Capturas\Capturas_20170412\GSC-2977-0238\New\GSC-2977-0238-20170412_2104_000009946.FIT
0041  20170412.87931    1138765    4000202  8.62933  + 01.06999  07.72892  01299.35  17.39209  0860.24  0527.56  *C:\Capturas\Capturas_20170412\GSC-2977-0238\New\GSC-2977-0238-20170412_2105_000009947.FIT
0042  20170412.88023    1137289    3957420  8.63965  + 01.07174  07.67776  01318.47  17.37473  0861.21  0527.20  *C:\Capturas\Capturas_20170412\GSC-2977-0238\New\GSC-2977-0238-20170412_2106_000009948.FIT
0043  20170412.88110    1141583    3897111  8.66051  + 01.07341  07.73677  01327.64  17.37128  0859.73  0526.74  *C:\Capturas\Capturas_20170412\GSC-2977-0238\New\GSC-2977-0238-20170412_2108_000009949.FIT
0044  20170412.88198    1134459    3855843  8.66530  + 01.07512  07.69885  01339.15  17.35504  0860.16  0525.83  *C:\Capturas\Capturas_20170412\GSC-2977-0238\New\GSC-2977-0238-20170412_2109_000009950.FIT
0045  20170412.88285    1138344    3813310  8.68113  + 01.07684  07.55311  01351.87  17.34845  0858.79  0525.32  *C:\Capturas\Capturas_20170412\GSC-2977-0238\New\GSC-2977-0238-20170412_2110_000009951.FIT
0046  20170412.88373    1139824    3779389  8.69229  + 01.07860  07.74564  01360.92  17.34259  0857.55  0524.96  *C:\Capturas\Capturas_20170412\GSC-2977-0238\New\GSC-2977-0238-20170412_2111_000009952.FIT
0047  20170412.88463    1137977    3733953  8.70372  + 01.08042  07.81424  01374.22  17.33021  0859.58  0524.37  *C:\Capturas\Capturas_20170412\GSC-2977-0238\New\GSC-2977-0238-20170412_2113_000009953.FIT
0048  20170412.88552    1136406    3698029  8.71276  + 01.08225  07.86664  01385.38  17.31988  0859.01  0523.88  *C:\Capturas\Capturas_20170412\GSC-2977-0238\New\GSC-2977-0238-20170412_2114_000009954.FIT
0049  20170412.88639    1132093    3665979  8.71811  + 01.08406  07.78389  01390.46  17.31173  0860.52  0523.07  *C:\Capturas\Capturas_20170412\GSC-2977-0238\New\GSC-2977-0238-20170412_2115_000009955.FIT
0050  20170412.88726    1140982    3634849  8.73594  + 01.08589  07.61321  01400.04  17.31278  0859.82  0522.09  *C:\Capturas\Capturas_20170412\GSC-2977-0238\New\GSC-2977-0238-20170412_2117_000009956.FIT
0051  20170412.88817    1136252    3596625  8.74294  + 01.08783  07.73171  01416.85  17.29522  0859.71  0521.46  *C:\Capturas\Capturas_20170412\GSC-2977-0238\New\GSC-2977-0238-20170412_2118_000009957.FIT
0052  20170412.88904    1135258    3559340  8.75336  + 01.08971  07.68511  01424.55  17.28836  0858.58  0520.70  *C:\Capturas\Capturas_20170412\GSC-2977-0238\New\GSC-2977-0238-20170412_2119_000009958.FIT
0053  20170412.88992    1135314    3518611  8.76597  + 01.09163  07.63141  01429.76  17.28443  0859.04  0520.04  *C:\Capturas\Capturas_20170412\GSC-2977-0238\New\GSC-2977-0238-20170412_2120_000009959.FIT
0054  20170412.89082    1130836    3488042  8.77117  + 01.09362  07.88789  01443.77  17.26948  0861.08  0519.48  *C:\Capturas\Capturas_20170412\GSC-2977-0238\New\GSC-2977-0238-20170412_2122_000009960.FIT
0055  20170412.89171    1136136    3458446  8.78557  + 01.09562  07.91773  01452.35  17.26812  0858.68  0520.20  *C:\Capturas\Capturas_20170412\GSC-2977-0238\New\GSC-2977-0238-20170412_2123_000009961.FIT
0056  20170412.89258    1130110    3438397  8.78611  + 01.09759  07.71237  01463.44  17.25401  0860.07  0519.46  *C:\Capturas\Capturas_20170412\GSC-2977-0238\New\GSC-2977-0238-20170412_2124_000009962.FIT
0057  20170412.89350    1130520    3415389  8.79383  + 01.09970  07.57549  01472.18  17.24792  0859.12  0518.67  *C:\Capturas\Capturas_20170412\GSC-2977-0238\New\GSC-2977-0238-20170412_2126_000009963.FIT
0058  20170412.89436    1118717    3385745  8.79189  + 01.10170  07.44994  01490.23  17.22317  0859.08  0518.20  *C:\Capturas\Capturas_20170412\GSC-2977-0238\New\GSC-2977-0238-20170412_2127_000009964.FIT
0059  20170412.89523    1120374    3351068  8.80474  + 01.10375  07.61600  01500.27  17.21746  0858.77  0518.12  *C:\Capturas\Capturas_20170412\GSC-2977-0238\New\GSC-2977-0238-20170412_2128_000009965.FIT
0060  20170412.89610    1118572    3314159  8.81507  + 01.10582  07.92153  01512.12  17.20712  0860.02  0517.58  *C:\Capturas\Capturas_20170412\GSC-2977-0238\New\GSC-2977-0238-20170412_2129_000009966.FIT
0061  20170412.89701    1121102    3289000  8.82584  + 01.10802  07.69250  01531.39  17.19577  0860.48  0516.78  *C:\Capturas\Capturas_20170412\GSC-2977-0238\New\GSC-2977-0238-20170412_2131_000009967.FIT
0062  20170412.89792    1119196    3267478  8.83115  + 01.11024  07.41916  01545.23  17.18410  0859.80  0516.83  *C:\Capturas\Capturas_20170412\GSC-2977-0238\New\GSC-2977-0238-20170412_2132_000009968.FIT
0063  20170412.89882    1121970    3264009  8.83501  + 01.11246  07.66571  01562.24  17.17486  0860.27  0516.50  *C:\Capturas\Capturas_20170412\GSC-2977-0238\New\GSC-2977-0238-20170412_2133_000009969.FIT
0064  20170412.89969    1120791    3232376  8.84449  + 01.11463  07.59101  01574.80  17.16497  0858.47  0515.85  *C:\Capturas\Capturas_20170412\GSC-2977-0238\New\GSC-2977-0238-20170412_2134_000009970.FIT
0065  20170412.90056    1111163    3206016  8.84401  + 01.11683  07.48058  01583.98  17.14922  0858.39  0515.69  *C:\Capturas\Capturas_20170412\GSC-2977-0238\New\GSC-2977-0238-20170412_2136_000009971.FIT
0066  20170412.90144    1111960    3200437  8.84669  + 01.11908  07.36847  01589.20  17.14642  0859.65  0515.43  *C:\Capturas\Capturas_20170412\GSC-2977-0238\New\GSC-2977-0238-20170412_2137_000009972.FIT
0067  20170412.90229    1109133    3165459  8.85590  + 01.12128  07.17421  01611.87  17.12818  0859.23  0514.86  *C:\Capturas\Capturas_20170412\GSC-2977-0238\New\GSC-2977-0238-20170412_2138_000009973.FIT
0068  20170412.90316    1112472    3138230  8.86861  + 01.12356  07.43360  01626.87  17.12136  0859.31  0514.71  *C:\Capturas\Capturas_20170412\GSC-2977-0238\New\GSC-2977-0238-20170412_2139_000009974.FIT
0069  20170412.90406    1106939    3116178  8.87086  + 01.12594  07.60605  01638.01  17.10848  0858.61  0514.09  *C:\Capturas\Capturas_20170412\GSC-2977-0238\New\GSC-2977-0238-20170412_2141_000009975.FIT
0070  20170412.90497    1107873    3109544  8.87410  + 01.12838  07.28793  01644.87  17.10484  0859.09  0513.81  *C:\Capturas\Capturas_20170412\GSC-2977-0238\New\GSC-2977-0238-20170412_2142_000009976.FIT
0071  20170412.90588    1103963    3105773  8.87157  + 01.13085  07.37569  01653.51  17.09526  0856.82  0513.23  *C:\Capturas\Capturas_20170412\GSC-2977-0238\New\GSC-2977-0238-20170412_2143_000009977.FIT
0072  20170412.90679    1109479    3076935  8.88719  + 01.13334  07.65438  01663.40  17.09420  0858.20  0512.51  *C:\Capturas\Capturas_20170412\GSC-2977-0238\New\GSC-2977-0238-20170412_2145_000009978.FIT
0073  20170412.90766    1099993    3064767  8.88214  + 01.13575  07.56898  01672.46  17.07890  0858.47  0512.31  *C:\Capturas\Capturas_20170412\GSC-2977-0238\New\GSC-2977-0238-20170412_2146_000009979.FIT
0074  20170412.90853    1108529    3051474  8.89532  + 01.13820  07.14000  01692.10  17.07460  0856.97  0511.91  *C:\Capturas\Capturas_20170412\GSC-2977-0238\New\GSC-2977-0238-20170412_2147_000009980.FIT
0075  20170412.90941    1098294    3035528  8.89091  + 01.14069  07.29258  01701.05  17.05872  0858.29  0511.26  *C:\Capturas\Capturas_20170412\GSC-2977-0238\New\GSC-2977-0238-20170412_2148_000009981.FIT
0076  20170412.91028    1093408    3021897  8.89096  + 01.14319  07.42112  01707.54  17.04971  0857.33  0510.62  *C:\Capturas\Capturas_20170412\GSC-2977-0238\New\GSC-2977-0238-20170412_2150_000009982.FIT
0077  20170412.91115    1097117    3016358  8.89665  + 01.14571  07.43993  01709.75  17.05199  0857.45  0509.88  *C:\Capturas\Capturas_20170412\GSC-2977-0238\New\GSC-2977-0238-20170412_2151_000009983.FIT
0078  20170412.91205    1102420    3004561  8.90619  + 01.14835  07.42605  01716.34  17.05305  0856.26  0509.72  *C:\Capturas\Capturas_20170412\GSC-2977-0238\New\GSC-2977-0238-20170412_2152_000009984.FIT
0079  20170412.91295    1099483    2996444  8.90623  + 01.15102  07.40837  01724.04  17.04526  0858.02  0508.70  *C:\Capturas\Capturas_20170412\GSC-2977-0238\New\GSC-2977-0238-20170412_2154_000009985.FIT
0080  20170412.91382    1097787    2993925  8.90546  + 01.15363  07.29267  01737.21  17.03527  0857.36  0508.10  *C:\Capturas\Capturas_20170412\GSC-2977-0238\New\GSC-2977-0238-20170412_2155_000009986.FIT
0081  20170412.91472    1096897    2988435  8.90658  + 01.15636  07.30452  01745.24  17.02936  0856.07  0507.14  *C:\Capturas\Capturas_20170412\GSC-2977-0238\New\GSC-2977-0238-20170412_2156_000009987.FIT
0082  20170412.91559    1095487    2978507  8.90881  + 01.15903  07.53339  01755.90  17.02131  0856.85  0506.63  *C:\Capturas\Capturas_20170412\GSC-2977-0238\New\GSC-2977-0238-20170412_2157_000009988.FIT
0083  20170412.91646    1089847    2969159  8.90661  + 01.16173  07.71697  01776.02  17.00325  0855.46  0505.73  *C:\Capturas\Capturas_20170412\GSC-2977-0238\New\GSC-2977-0238-20170412_2159_000009989.FIT
0084  20170412.91737    1082897    2932613  8.91314  + 01.16458  08.00955  01794.82  16.98478  0856.42  0504.77  *C:\Capturas\Capturas_20170412\GSC-2977-0238\New\GSC-2977-0238-20170412_2200_000009990.FIT
0085  20170412.91824    1087412    2953699  8.90986  + 01.16734  08.44627  01783.15  16.99644  0856.89  0504.12  *C:\Capturas\Capturas_20170412\GSC-2977-0238\New\GSC-2977-0238-20170412_2201_000009991.FIT
0086  20170412.91917    1090414    2985022  8.90136  + 01.17032  07.96672  01785.08  16.99827  0856.75  0503.36  *C:\Capturas\Capturas_20170412\GSC-2977-0238\New\GSC-2977-0238-20170412_2203_000009992.FIT
0087  20170412.92003    1084401    2981917  8.89646  + 01.17310  08.01864  01797.51  16.98467  0856.91  0502.65  *C:\Capturas\Capturas_20170412\GSC-2977-0238\New\GSC-2977-0238-20170412_2204_000009993.FIT
0088  20170412.92093    1077970    2963820  8.89662  + 01.17605  07.79667  01826.73  16.96058  0855.34  0502.24  *C:\Capturas\Capturas_20170412\GSC-2977-0238\New\GSC-2977-0238-20170412_2205_000009994.FIT
0089  20170412.92179    1081786    2983426  8.89328  + 01.17890  07.64792  01828.56  16.96335  0856.54  0501.38  *C:\Capturas\Capturas_20170412\GSC-2977-0238\New\GSC-2977-0238-20170412_2206_000009995.FIT
0090  20170412.92269    1079327    3011436  8.88060  + 01.18191  07.74053  01837.78  16.95538  0854.39  0500.79  *C:\Capturas\Capturas_20170412\GSC-2977-0238\New\GSC-2977-0238-20170412_2208_000009996.FIT
0091  20170412.92356    1075875    3014405  8.87603  + 01.18486  07.84314  01843.47  16.94851  0856.48  0499.89  *C:\Capturas\Capturas_20170412\GSC-2977-0238\New\GSC-2977-0238-20170412_2209_000009997.FIT
0092  20170412.92450    1076942    3033951  8.87006  + 01.18807  08.19825  01853.38  16.94374  0855.87  0498.79  *C:\Capturas\Capturas_20170412\GSC-2977-0238\New\GSC-2977-0238-20170412_2210_000009998.FIT
0093  20170412.92539    1065059    3030444  8.85922  + 01.19115  08.75077  01866.00  16.92423  0854.92  0498.11  *C:\Capturas\Capturas_20170412\GSC-2977-0238\New\GSC-2977-0238-20170412_2211_000009999.FIT
0094  20170412.92627    1032024    2975915  8.84465  + 01.19423  10.47107  01889.63  16.87613  0855.99  0496.92  *C:\Capturas\Capturas_20170412\GSC-2977-0238\New\GSC-2977-0238-20170412_2213_000010000.FIT
0095  20170412.92714    1030443    3011304  8.83008  + 01.19731  10.14334  01900.08  16.86844  0856.05  0497.88  *C:\Capturas\Capturas_20170412\GSC-2977-0238\New\GSC-2977-0238-20170412_2214_000010001.FIT
0096  20170412.92802    1047890    3110216  8.81314  + 01.20045  09.33695  01908.98  16.88166  0857.47  0497.47  *C:\Capturas\Capturas_20170412\GSC-2977-0238\New\GSC-2977-0238-20170412_2215_000010002.FIT
0097  20170412.92890    1041700    3140582  8.79608  + 01.20363  09.74392  01911.90  16.87353  0857.26  0496.16  *C:\Capturas\Capturas_20170412\GSC-2977-0238\New\GSC-2977-0238-20170412_2217_000010003.FIT
0098  20170412.92978    1048927    3219915  8.77641  + 01.20684  09.65409  01915.44  16.87905  0858.11  0496.09  *C:\Capturas\Capturas_20170412\GSC-2977-0238\New\GSC-2977-0238-20170412_2218_000010004.FIT
0099  20170412.93067    1051787    3303077  8.75156  + 01.21012  09.18658  01923.02  16.87771  0857.65  0495.71  *C:\Capturas\Capturas_20170412\GSC-2977-0238\New\GSC-2977-0238-20170412_2219_000010005.FIT
0100  20170412.93156    1057401    3384539  8.73079  + 01.21344  08.44606  01938.48  16.87479  0857.51  0495.06  *C:\Capturas\Capturas_20170412\GSC-2977-0238\New\GSC-2977-0238-20170412_2220_000010006.FIT
0101  20170412.93243    1052848    3499794  8.68955  + 01.21672  08.56327  01952.74  16.86209  0856.41  0494.52  *C:\Capturas\Capturas_20170412\GSC-2977-0238\New\GSC-2977-0238-20170412_2222_000010007.FIT
0102  20170412.93336    1053017    3620961  8.65259  + 01.22026  08.53400  01966.51  16.85459  0853.48  0494.00  *C:\Capturas\Capturas_20170412\GSC-2977-0238\New\GSC-2977-0238-20170412_2223_000010008.FIT
0103  20170412.93422    1054443    3703841  8.62938  + 01.22357  08.13706  01988.26  16.84407  0854.59  0495.49  *C:\Capturas\Capturas_20170412\GSC-2977-0238\New\GSC-2977-0238-20170412_2224_000010009.FIT
0104  20170412.93510    1064360    3834791  8.60169  + 01.22699  07.61193  01989.94  16.85336  0854.07  0496.24  *C:\Capturas\Capturas_20170412\GSC-2977-0238\New\GSC-2977-0238-20170412_2225_000010010.FIT
0105  20170412.93597    1056193    3924512  8.56805  + 01.23041  07.76281  02008.58  16.83478  0852.99  0495.76  *C:\Capturas\Capturas_20170412\GSC-2977-0238\New\GSC-2977-0238-20170412_2227_000010011.FIT
0106  20170412.93687    1046295    4031150  8.52853  + 01.23399  07.46935  02015.77  16.82061  0853.06  0495.06  *C:\Capturas\Capturas_20170412\GSC-2977-0238\New\GSC-2977-0238-20170412_2228_000010012.FIT
0107  20170412.93774    1051720    4114462  8.51186  + 01.23748  07.84021  02035.59  16.81558  0851.11  0495.43  *C:\Capturas\Capturas_20170412\GSC-2977-0238\New\GSC-2977-0238-20170412_2229_000010013.FIT
0108  20170412.93862    1050032    4149757  8.50079  + 01.24105  07.74327  02041.22  16.81082  0850.49  0494.69  *C:\Capturas\Capturas_20170412\GSC-2977-0238\New\GSC-2977-0238-20170412_2231_000010014.FIT
0109  20170412.93949    1046755    4211441  8.48128  + 01.24462  07.25900  02057.37  16.79881  0850.20  0494.77  *C:\Capturas\Capturas_20170412\GSC-2977-0238\New\GSC-2977-0238-20170412_2232_000010015.FIT
0110  20170412.94036    1039777    4235482  8.46777  + 01.24822  07.40549  02071.59  16.78400  0852.33  0494.18  *C:\Capturas\Capturas_20170412\GSC-2977-0238\New\GSC-2977-0238-20170412_2233_000010016.FIT
0111  20170412.94123    1042439    4208775  8.47746  + 01.25186  07.46446  02078.89  16.78295  0850.52  0494.64  *C:\Capturas\Capturas_20170412\GSC-2977-0238\New\GSC-2977-0238-20170412_2234_000010017.FIT
0112  20170412.94211    1038914    4203586  8.47511  + 01.25559  07.33735  02085.35  16.77587  0850.66  0493.74  *C:\Capturas\Capturas_20170412\GSC-2977-0238\New\GSC-2977-0238-20170412_2236_000010018.FIT
0113  20170412.94297    1048942    4168093  8.49484  + 01.25926  07.13442  02089.13  16.78437  0849.78  0493.45  *C:\Capturas\Capturas_20170412\GSC-2977-0238\New\GSC-2977-0238-20170412_2237_000010019.FIT
0114  20170412.94384    1045668    4166436  8.49187  + 01.26302  07.25655  02086.32  16.78243  0847.65  0493.84  *C:\Capturas\Capturas_20170412\GSC-2977-0238\New\GSC-2977-0238-20170412_2238_000010020.FIT
0115  20170412.94471    1040108    4105602  8.50210  + 01.26681  07.13984  02109.47  16.76458  0848.09  0492.87  *C:\Capturas\Capturas_20170412\GSC-2977-0238\New\GSC-2977-0238-20170412_2239_000010021.FIT
0116  20170412.94559    1038635    4059811  8.51279  + 01.27069  06.85676  02124.30  16.75539  0848.77  0493.13  *C:\Capturas\Capturas_20170412\GSC-2977-0238\New\GSC-2977-0238-20170412_2241_000010022.FIT
0117  20170412.94650    1038325    4044057  8.51670  + 01.27474  07.12155  02122.96  16.75575  0849.67  0492.53  *C:\Capturas\Capturas_20170412\GSC-2977-0238\New\GSC-2977-0238-20170412_2242_000010023.FIT
0118  20170412.94737    1036541    4005732  8.52522  + 01.27866  06.80166  02132.78  16.74884  0847.32  0492.46  *C:\Capturas\Capturas_20170412\GSC-2977-0238\New\GSC-2977-0238-20170412_2243_000010024.FIT
0119  20170412.94829    1043781    3963609  8.54434  + 01.28285  07.03241  02128.40  16.75868  0847.14  0492.13  *C:\Capturas\Capturas_20170412\GSC-2977-0238\New\GSC-2977-0238-20170412_2244_000010025.FIT
0120  20170412.94919    1040128    3906542  8.55634  + 01.28698  07.12127  02143.18  16.74730  0846.72  0491.80  *C:\Capturas\Capturas_20170412\GSC-2977-0238\New\GSC-2977-0238-20170412_2246_000010026.FIT
0121  20170412.95006    1042875    3884824  8.56530  + 01.29103  07.07160  02148.40  16.74753  0844.87  0491.46  *C:\Capturas\Capturas_20170412\GSC-2977-0238\New\GSC-2977-0238-20170412_2247_000010027.FIT
0122  20170412.95094    1037835    3827560  8.57621  + 01.29516  07.14884  02160.93  16.73590  0847.49  0491.36  *C:\Capturas\Capturas_20170412\GSC-2977-0238\New\GSC-2977-0238-20170412_2248_000010028.FIT
0123  20170412.95185    1043760    3783753  8.59498  + 01.29948  07.31000  02156.72  16.74423  0847.50  0490.50  *C:\Capturas\Capturas_20170412\GSC-2977-0238\New\GSC-2977-0238-20170412_2250_000010029.FIT
0124  20170412.95272    1033267    3724803  8.60109  + 01.30365  07.25644  02169.00  16.72702  0847.28  0490.51  *C:\Capturas\Capturas_20170412\GSC-2977-0238\New\GSC-2977-0238-20170412_2251_000010030.FIT
0125  20170412.95362    1036307    3681640  8.61701  + 01.30801  07.04846  02177.08  16.72616  0846.99  0489.88  *C:\Capturas\Capturas_20170412\GSC-2977-0238\New\GSC-2977-0238-20170412_2252_000010031.FIT
0126  20170412.95453    1032827    3632020  8.62814  + 01.31247  07.21780  02180.36  16.72086  0846.25  0489.24  *C:\Capturas\Capturas_20170412\GSC-2977-0238\New\GSC-2977-0238-20170412_2253_000010032.FIT
0127  20170412.95541    1035787    3581340  8.64660  + 01.31683  07.20551  02186.92  16.72070  0845.72  0489.01  *C:\Capturas\Capturas_20170412\GSC-2977-0238\New\GSC-2977-0238-20170412_2255_000010033.FIT
0128  20170412.95627    1029582    3536613  8.65375  + 01.32113  07.16614  02203.07  16.70612  0845.43  0487.94  *C:\Capturas\Capturas_20170412\GSC-2977-0238\New\GSC-2977-0238-20170412_2256_000010034.FIT
0129  20170412.95714    1023517    3495876  8.65995  + 01.32553  07.71496  02209.34  16.69657  0848.76  0487.60  *C:\Capturas\Capturas_20170412\GSC-2977-0238\New\GSC-2977-0238-20170412_2257_000010035.FIT
