09 21 03.0
+49 05 53
11.990 CV


 NUM       FECHA MPC    COMPARA            HD 80366
----  --------------  ---------  ------------------
0000  20170414.90584     858115   10625156  7.25491  + 01.05325  15.98849  00550.48  18.02033  0792.74  0861.57  *D:\Capturas\Capturas_20170414\GSC-3428-1497\New\GSC-3428-1497-20170414_2143_000010053.FIT
0001  20170414.90674     854259   10549733  7.25777  + 01.05452  16.13300  00555.38  18.00574  0791.67  0859.85  *D:\Capturas\Capturas_20170414\GSC-3428-1497\New\GSC-3428-1497-20170414_2145_000010054.FIT
0002  20170414.90764     847821   10442174  7.26070  + 01.05581  16.52400  00567.62  17.97371  0790.87  0859.54  *D:\Capturas\Capturas_20170414\GSC-3428-1497\New\GSC-3428-1497-20170414_2146_000010055.FIT
0003  20170414.90852     851358   10460348  7.26334  + 01.05709  16.32818  00574.91  17.96433  0791.47  0858.08  *D:\Capturas\Capturas_20170414\GSC-3428-1497\New\GSC-3428-1497-20170414_2147_000010056.FIT
0004  20170414.90941     851347   10416232  7.26794  + 01.05840  16.59493  00551.72  18.00923  0791.29  0856.41  *D:\Capturas\Capturas_20170414\GSC-3428-1497\New\GSC-3428-1497-20170414_2148_000010057.FIT
0005  20170414.91029     853290   10385191  7.27368  + 01.05972  16.48604  00558.55  17.99830  0791.15  0854.50  *D:\Capturas\Capturas_20170414\GSC-3428-1497\New\GSC-3428-1497-20170414_2150_000010058.FIT
0006  20170414.91118     848131   10290833  7.27702  + 01.06107  16.59200  00599.59  17.91432  0793.83  0852.83  *D:\Capturas\Capturas_20170414\GSC-3428-1497\New\GSC-3428-1497-20170414_2151_000010059.FIT
0007  20170414.91206     843260   10179553  7.28260  + 01.06242  16.57451  00616.58  17.87756  0792.88  0852.48  *D:\Capturas\Capturas_20170414\GSC-3428-1497\New\GSC-3428-1497-20170414_2152_000010060.FIT
0008  20170414.91293     845144   10231702  7.27946  + 01.06378  16.37070  00614.21  17.88420  0793.35  0851.15  *D:\Capturas\Capturas_20170414\GSC-3428-1497\New\GSC-3428-1497-20170414_2154_000010061.FIT
0009  20170414.91380     840365   10149271  7.28210  + 01.06515  16.84973  00617.37  17.87242  0792.63  0849.90  *D:\Capturas\Capturas_20170414\GSC-3428-1497\New\GSC-3428-1497-20170414_2155_000010062.FIT
0010  20170414.91468     849948   10131480  7.29638  + 01.06656  16.87022  00619.07  17.88179  0792.45  0847.91  *D:\Capturas\Capturas_20170414\GSC-3428-1497\New\GSC-3428-1497-20170414_2156_000010063.FIT
0011  20170414.91559     850072   10109404  7.29892  + 01.06804  16.72572  00622.32  17.87623  0793.28  0845.99  *D:\Capturas\Capturas_20170414\GSC-3428-1497\New\GSC-3428-1497-20170414_2157_000010064.FIT
0012  20170414.91646     842724    9994434  7.30193  + 01.06947  16.78784  00651.12  17.81741  0794.40  0844.53  *D:\Capturas\Capturas_20170414\GSC-3428-1497\New\GSC-3428-1497-20170414_2159_000010065.FIT
0013  20170414.91734     835103    9902777  7.30207  + 01.07093  16.92873  00654.66  17.80158  0795.62  0844.13  *D:\Capturas\Capturas_20170414\GSC-3428-1497\New\GSC-3428-1497-20170414_2200_000010066.FIT
0014  20170414.91821     837888    9917323  7.30410  + 01.07240  16.57495  00668.23  17.78283  0794.48  0843.92  *D:\Capturas\Capturas_20170414\GSC-3428-1497\New\GSC-3428-1497-20170414_2201_000010067.FIT
0015  20170414.91910     837028    9785645  7.31756  + 01.07392  17.00918  00680.31  17.76216  0794.76  0843.19  *D:\Capturas\Capturas_20170414\GSC-3428-1497\New\GSC-3428-1497-20170414_2202_000010068.FIT
0016  20170414.91999     836560    9820032  7.31313  + 01.07546  16.91959  00688.98  17.74773  0794.05  0842.12  *D:\Capturas\Capturas_20170414\GSC-3428-1497\New\GSC-3428-1497-20170414_2204_000010069.FIT
0017  20170414.92089     838506    9780307  7.32008  + 01.07704  16.89920  00702.13  17.72965  0793.32  0840.67  *D:\Capturas\Capturas_20170414\GSC-3428-1497\New\GSC-3428-1497-20170414_2205_000010070.FIT
0018  20170414.92178     835231    9743818  7.31989  + 01.07862  17.03080  00707.60  17.71692  0795.26  0838.94  *D:\Capturas\Capturas_20170414\GSC-3428-1497\New\GSC-3428-1497-20170414_2206_000010071.FIT
0019  20170414.92266     828464    9682501  7.31790  + 01.08020  16.89944  00733.69  17.66853  0794.85  0838.02  *D:\Capturas\Capturas_20170414\GSC-3428-1497\New\GSC-3428-1497-20170414_2208_000010072.FIT
0020  20170414.92356     828633    9615904  7.32565  + 01.08184  16.96349  00744.04  17.65348  0795.72  0836.57  *D:\Capturas\Capturas_20170414\GSC-3428-1497\New\GSC-3428-1497-20170414_2209_000010073.FIT
0021  20170414.92446     833892    9597015  7.33470  + 01.08350  16.95806  00759.46  17.63800  0795.74  0835.34  *D:\Capturas\Capturas_20170414\GSC-3428-1497\New\GSC-3428-1497-20170414_2210_000010074.FIT
0022  20170414.92534     831467    9565870  7.33507  + 01.08514  17.21037  00760.56  17.63325  0795.27  0834.05  *D:\Capturas\Capturas_20170414\GSC-3428-1497\New\GSC-3428-1497-20170414_2211_000010075.FIT
0023  20170414.92620     830903    9524093  7.33911  + 01.08677  17.26350  00764.03  17.62753  0795.69  0832.04  *D:\Capturas\Capturas_20170414\GSC-3428-1497\New\GSC-3428-1497-20170414_2213_000010076.FIT
0024  20170414.92711     826044    9468748  7.33907  + 01.08851  17.42274  00773.14  17.60821  0796.22  0830.14  *D:\Capturas\Capturas_20170414\GSC-3428-1497\New\GSC-3428-1497-20170414_2214_000010077.FIT
0025  20170414.92801     827579    9427982  7.34580  + 01.09025  17.56428  00788.87  17.58826  0797.68  0829.66  *D:\Capturas\Capturas_20170414\GSC-3428-1497\New\GSC-3428-1497-20170414_2215_000010078.FIT
0026  20170414.92891     829531    9406627  7.35084  + 01.09201  17.20303  00805.38  17.56823  0797.06  0829.67  *D:\Capturas\Capturas_20170414\GSC-3428-1497\New\GSC-3428-1497-20170414_2217_000010079.FIT
0027  20170414.92983     823202    9337348  7.35055  + 01.09384  17.27657  00815.85  17.54579  0798.06  0829.68  *D:\Capturas\Capturas_20170414\GSC-3428-1497\New\GSC-3428-1497-20170414_2218_000010080.FIT
0028  20170414.93071     819818    9297759  7.35069  + 01.09560  17.48078  00833.69  17.51769  0797.72  0828.20  *D:\Capturas\Capturas_20170414\GSC-3428-1497\New\GSC-3428-1497-20170414_2219_000010081.FIT
0029  20170414.93157     808149    9134331  7.35440  + 01.09735  17.80082  00843.94  17.48872  0797.37  0827.06  *D:\Capturas\Capturas_20170414\GSC-3428-1497\New\GSC-3428-1497-20170414_2220_000010082.FIT
0030  20170414.93247     799684    9102878  7.34667  + 01.09920  17.66567  00857.53  17.45981  0797.79  0826.63  *D:\Capturas\Capturas_20170414\GSC-3428-1497\New\GSC-3428-1497-20170414_2222_000010083.FIT
0031  20170414.93336     809421    9175913  7.35116  + 01.10105  17.46620  00861.02  17.46858  0799.27  0824.97  *D:\Capturas\Capturas_20170414\GSC-3428-1497\New\GSC-3428-1497-20170414_2223_000010084.FIT
0032  20170414.93422     807073    9078407  7.35964  + 01.10286  17.58955  00878.04  17.44406  0800.32  0823.44  *D:\Capturas\Capturas_20170414\GSC-3428-1497\New\GSC-3428-1497-20170414_2224_000010085.FIT
0033  20170414.93512     813644    9148763  7.36007  + 01.10477  17.46384  00875.15  17.45651  0799.94  0822.94  *D:\Capturas\Capturas_20170414\GSC-3428-1497\New\GSC-3428-1497-20170414_2225_000010086.FIT
0034  20170414.93598     817100    9170895  7.36206  + 01.10662  17.75914  00882.93  17.45147  0800.72  0821.56  *D:\Capturas\Capturas_20170414\GSC-3428-1497\New\GSC-3428-1497-20170414_2227_000010087.FIT
0035  20170414.93687     805848    9138270  7.35082  + 01.10856  17.46026  00895.34  17.42111  0801.22  0820.12  *D:\Capturas\Capturas_20170414\GSC-3428-1497\New\GSC-3428-1497-20170414_2228_000010088.FIT
0036  20170414.93777     797230    8978625  7.35831  + 01.11054  17.76327  00922.17  17.37717  0801.65  0819.53  *D:\Capturas\Capturas_20170414\GSC-3428-1497\New\GSC-3428-1497-20170414_2229_000010089.FIT
0037  20170414.93866     769210    8716684  7.35158  + 01.11252  17.49112  00937.53  17.32012  0802.86  0819.23  *D:\Capturas\Capturas_20170414\GSC-3428-1497\New\GSC-3428-1497-20170414_2231_000010090.FIT
0038  20170414.93953     800833    9013981  7.35895  + 01.11448  17.47634  00927.16  17.37620  0803.31  0818.41  *D:\Capturas\Capturas_20170414\GSC-3428-1497\New\GSC-3428-1497-20170414_2232_000010091.FIT
0039  20170414.94044     759287    8547308  7.35882  + 01.11655  17.80206  00979.75  17.25790  0803.49  0817.59  *D:\Capturas\Capturas_20170414\GSC-3428-1497\New\GSC-3428-1497-20170414_2233_000010092.FIT
0040  20170414.94131     767536    8761959  7.34355  + 01.11855  17.46942  00989.83  17.25852  0803.44  0817.04  *D:\Capturas\Capturas_20170414\GSC-3428-1497\New\GSC-3428-1497-20170414_2234_000010093.FIT
0041  20170414.94218     765809    8663663  7.35340  + 01.12057  17.50095  01013.01  17.23081  0803.46  0817.04  *D:\Capturas\Capturas_20170414\GSC-3428-1497\New\GSC-3428-1497-20170414_2236_000010094.FIT
0042  20170414.94308     721941    8255488  7.34170  + 01.12269  17.25946  01065.48  17.11136  0802.41  0816.14  *D:\Capturas\Capturas_20170414\GSC-3428-1497\New\GSC-3428-1497-20170414_2237_000010095.FIT
0043  20170414.94398     684257    7765569  7.34996  + 01.12483  17.52812  01108.72  17.00948  0803.35  0815.38  *D:\Capturas\Capturas_20170414\GSC-3428-1497\New\GSC-3428-1497-20170414_2238_000010096.FIT
0044  20170414.94486     709963    8161125  7.33599  + 01.12695  17.39155  01073.31  17.08512  0803.91  0814.02  *D:\Capturas\Capturas_20170414\GSC-3428-1497\New\GSC-3428-1497-20170414_2240_000010097.FIT
0045  20170414.94576     741981    8545526  7.33390  + 01.12913  17.53657  01051.98  17.15514  0803.59  0813.25  *D:\Capturas\Capturas_20170414\GSC-3428-1497\New\GSC-3428-1497-20170414_2241_000010098.FIT
0046  20170414.94663     753641    8703108  7.33098  + 01.13127  17.56286  01044.88  17.17954  0804.52  0813.16  *D:\Capturas\Capturas_20170414\GSC-3428-1497\New\GSC-3428-1497-20170414_2242_000010099.FIT
0047  20170414.94755     743257    8741399  7.31105  + 01.13356  17.33965  01054.63  17.15428  0803.98  0812.32  *D:\Capturas\Capturas_20170414\GSC-3428-1497\New\GSC-3428-1497-20170414_2243_000010100.FIT
0048  20170414.94841     698913    8156504  7.31949  + 01.13572  17.41698  01111.36  17.03000  0804.15  0811.18  *D:\Capturas\Capturas_20170414\GSC-3428-1497\New\GSC-3428-1497-20170414_2245_000010101.FIT
0049  20170414.94931     685504    8091545  7.30708  + 01.13800  17.50173  01139.38  16.98171  0803.80  0810.28  *D:\Capturas\Capturas_20170414\GSC-3428-1497\New\GSC-3428-1497-20170414_2246_000010102.FIT
0050  20170414.95020     675525    8053075  7.29628  + 01.14028  17.30872  01124.35  16.98019  0805.07  0810.28  *D:\Capturas\Capturas_20170414\GSC-3428-1497\New\GSC-3428-1497-20170414_2247_000010103.FIT
0051  20170414.95110     667214    7904711  7.30306  + 01.14261  17.33914  01134.99  16.95641  0804.79  0809.36  *D:\Capturas\Capturas_20170414\GSC-3428-1497\New\GSC-3428-1497-20170414_2249_000010104.FIT
0052  20170414.95198     675102    8038236  7.29761  + 01.14492  17.29367  01114.65  16.98897  0804.44  0808.95  *D:\Capturas\Capturas_20170414\GSC-3428-1497\New\GSC-3428-1497-20170414_2250_000010105.FIT
0053  20170414.95285     694855    8403089  7.28065  + 01.14722  17.32199  01096.35  17.03849  0804.81  0808.55  *D:\Capturas\Capturas_20170414\GSC-3428-1497\New\GSC-3428-1497-20170414_2251_000010106.FIT
0054  20170414.95376     704322    8535786  7.27832  + 01.14966  17.08807  01085.94  17.06365  0803.87  0808.16  *D:\Capturas\Capturas_20170414\GSC-3428-1497\New\GSC-3428-1497-20170414_2252_000010107.FIT
0055  20170414.95463     677334    8335238  7.26163  + 01.15201  17.18304  01108.58  16.99852  0804.71  0807.48  *D:\Capturas\Capturas_20170414\GSC-3428-1497\New\GSC-3428-1497-20170414_2254_000010108.FIT
0056  20170414.95553     657428    8158101  7.25252  + 01.15446  17.21931  01123.38  16.95151  0805.68  0806.39  *D:\Capturas\Capturas_20170414\GSC-3428-1497\New\GSC-3428-1497-20170414_2255_000010109.FIT
0057  20170414.95640     641687    7968794  7.25170  + 01.15687  17.03367  01140.79  16.90830  0805.64  0805.68  *D:\Capturas\Capturas_20170414\GSC-3428-1497\New\GSC-3428-1497-20170414_2256_000010110.FIT
0058  20170414.95731     629826    7893910  7.24164  + 01.15940  17.26944  01159.97  16.86975  0806.06  0805.19  *D:\Capturas\Capturas_20170414\GSC-3428-1497\New\GSC-3428-1497-20170414_2257_000010111.FIT
0059  20170414.95819     640527    8071208  7.23579  + 01.16188  16.97274  01160.25  16.88787  0805.69  0804.61  *D:\Capturas\Capturas_20170414\GSC-3428-1497\New\GSC-3428-1497-20170414_2259_000010112.FIT
0060  20170414.95906     621001    7862600  7.23059  + 01.16436  17.20491  01172.20  16.84292  0806.12  0803.91  *D:\Capturas\Capturas_20170414\GSC-3428-1497\New\GSC-3428-1497-20170414_2300_000010113.FIT
0061  20170414.95993     637843    8095676  7.22791  + 01.16686  17.06338  01167.88  16.87613  0805.70  0803.45  *D:\Capturas\Capturas_20170414\GSC-3428-1497\New\GSC-3428-1497-20170414_2301_000010114.FIT
0062  20170414.96080     651823    8302619  7.22403  + 01.16938  17.26350  01178.02  16.89036  0806.51  0802.86  *D:\Capturas\Capturas_20170414\GSC-3428-1497\New\GSC-3428-1497-20170414_2302_000010115.FIT
0063  20170414.96167     679889    8701159  7.21887  + 01.17194  17.18951  01159.84  16.95332  0807.04  0802.18  *D:\Capturas\Capturas_20170414\GSC-3428-1497\New\GSC-3428-1497-20170414_2304_000010116.FIT
0064  20170414.96258     719088    9181442  7.22140  + 01.17463  17.22100  01138.62  17.03461  0806.89  0801.57  *D:\Capturas\Capturas_20170414\GSC-3428-1497\New\GSC-3428-1497-20170414_2305_000010117.FIT
0065  20170414.96345     731609    9390200  7.21571  + 01.17723  17.21053  01145.34  17.04702  0806.71  0800.94  *D:\Capturas\Capturas_20170414\GSC-3428-1497\New\GSC-3428-1497-20170414_2306_000010118.FIT
0066  20170414.96433     721413    9328073  7.20764  + 01.17989  16.94134  01172.06  17.00656  0806.68  0800.31  *D:\Capturas\Capturas_20170414\GSC-3428-1497\New\GSC-3428-1497-20170414_2308_000010119.FIT
0067  20170414.96520     689255    8902206  7.20887  + 01.18255  16.89800  01220.30  16.91281  0807.07  0799.48  *D:\Capturas\Capturas_20170414\GSC-3428-1497\New\GSC-3428-1497-20170414_2309_000010120.FIT
0068  20170414.96606     618598    8030872  7.20325  + 01.18520  17.14883  01299.67  16.72607  0806.86  0798.92  *D:\Capturas\Capturas_20170414\GSC-3428-1497\New\GSC-3428-1497-20170414_2310_000010121.FIT
0069  20170414.96693     579229    7473106  7.21005  + 01.18791  17.26631  01351.66  16.61154  0807.77  0798.60  *D:\Capturas\Capturas_20170414\GSC-3428-1497\New\GSC-3428-1497-20170414_2311_000010122.FIT
0070  20170414.96784     567512    7345635  7.20652  + 01.19077  16.98193  01365.31  16.57828  0807.78  0798.34  *D:\Capturas\Capturas_20170414\GSC-3428-1497\New\GSC-3428-1497-20170414_2313_000010123.FIT
0071  20170414.96874     560124    7262128  7.20470  + 01.19363  17.06242  01373.15  16.55774  0807.92  0796.64  *D:\Capturas\Capturas_20170414\GSC-3428-1497\New\GSC-3428-1497-20170414_2314_000010124.FIT
0072  20170414.96961     574708    7394759  7.21299  + 01.19642  16.79060  01356.76  16.59888  0807.81  0796.48  *D:\Capturas\Capturas_20170414\GSC-3428-1497\New\GSC-3428-1497-20170414_2315_000010125.FIT
0073  20170414.97047     613816    7804630  7.22596  + 01.19921  16.97450  01316.31  16.70373  0806.82  0795.91  *D:\Capturas\Capturas_20170414\GSC-3428-1497\New\GSC-3428-1497-20170414_2316_000010126.FIT
0074  20170414.97139     587693    7516774  7.21951  + 01.20222  16.84700  01350.55  16.62827  0807.27  0795.68  *D:\Capturas\Capturas_20170414\GSC-3428-1497\New\GSC-3428-1497-20170414_2318_000010127.FIT
0075  20170414.97226     571983    7353589  7.21390  + 01.20509  16.73635  01369.57  16.58345  0807.36  0795.01  *D:\Capturas\Capturas_20170414\GSC-3428-1497\New\GSC-3428-1497-20170414_2319_000010128.FIT
0076  20170414.97314     554877    7126375  7.21502  + 01.20803  16.43900  01386.57  16.53687  0807.45  0794.53  *D:\Capturas\Capturas_20170414\GSC-3428-1497\New\GSC-3428-1497-20170414_2320_000010129.FIT
0077  20170414.97404     573246    7337195  7.21874  + 01.21106  16.86400  01366.76  16.58809  0806.99  0794.45  *D:\Capturas\Capturas_20170414\GSC-3428-1497\New\GSC-3428-1497-20170414_2322_000010130.FIT
0078  20170414.97495     529632    6750912  7.22326  + 01.21416  16.70853  01438.87  16.44567  0807.15  0793.42  *D:\Capturas\Capturas_20170414\GSC-3428-1497\New\GSC-3428-1497-20170414_2323_000010131.FIT
0079  20170414.97586     531084    6739705  7.22806  + 01.21729  16.63566  01448.74  16.44120  0807.15  0792.63  *D:\Capturas\Capturas_20170414\GSC-3428-1497\New\GSC-3428-1497-20170414_2324_000010132.FIT
0080  20170414.97672     499390    6308407  7.23308  + 01.22027  16.56494  01504.08  16.33318  0806.92  0792.69  *D:\Capturas\Capturas_20170414\GSC-3428-1497\New\GSC-3428-1497-20170414_2325_000010133.FIT
0081  20170414.97759     451062    5670657  7.23831  + 01.22332  16.70250  01605.14  16.15119  0808.00  0792.54  *D:\Capturas\Capturas_20170414\GSC-3428-1497\New\GSC-3428-1497-20170414_2327_000010134.FIT
0082  20170414.97847     445045    5535731  7.24994  + 01.22643  16.80197  01645.33  16.10957  0807.44  0792.13  *D:\Capturas\Capturas_20170414\GSC-3428-1497\New\GSC-3428-1497-20170414_2328_000010135.FIT
0083  20170414.97934     485792    6117920  7.23641  + 01.22954  16.70225  01574.39  16.25322  0807.66  0791.54  *D:\Capturas\Capturas_20170414\GSC-3428-1497\New\GSC-3428-1497-20170414_2329_000010136.FIT
0084  20170414.98022     506327    6293143  7.25078  + 01.23272  16.58133  01561.22  16.30755  0808.32  0790.91  *D:\Capturas\Capturas_20170414\GSC-3428-1497\New\GSC-3428-1497-20170414_2330_000010137.FIT
0085  20170414.98109     505943    6210893  7.26430  + 01.23589  16.67913  01585.71  16.28974  0807.67  0790.68  *D:\Capturas\Capturas_20170414\GSC-3428-1497\New\GSC-3428-1497-20170414_2332_000010138.FIT
0086  20170414.98196     504686    6183039  7.26649  + 01.23908  16.73650  01626.05  16.25962  0807.63  0789.83  *D:\Capturas\Capturas_20170414\GSC-3428-1497\New\GSC-3428-1497-20170414_2333_000010139.FIT
0087  20170414.98284     492661    6047662  7.26433  + 01.24235  16.70546  01640.07  16.22395  0808.13  0789.53  *D:\Capturas\Capturas_20170414\GSC-3428-1497\New\GSC-3428-1497-20170414_2334_000010140.FIT
0088  20170414.98370     489608    5987924  7.26838  + 01.24557  16.77787  01651.17  16.20980  0808.86  0788.82  *D:\Capturas\Capturas_20170414\GSC-3428-1497\New\GSC-3428-1497-20170414_2335_000010141.FIT
0089  20170414.98457     476493    5849871  7.26421  + 01.24886  16.48585  01679.70  16.16150  0808.41  0788.32  *D:\Capturas\Capturas_20170414\GSC-3428-1497\New\GSC-3428-1497-20170414_2337_000010142.FIT
0090  20170414.98545     403003    4952214  7.26320  + 01.25222  16.68343  01815.84  15.89373  0808.41  0788.08  *D:\Capturas\Capturas_20170414\GSC-3428-1497\New\GSC-3428-1497-20170414_2338_000010143.FIT
0091  20170414.98632     386563    4703757  7.27392  + 01.25558  16.71222  01868.36  15.81719  0808.45  0787.81  *D:\Capturas\Capturas_20170414\GSC-3428-1497\New\GSC-3428-1497-20170414_2339_000010144.FIT
0092  20170414.98719     363881    4399019  7.28102  + 01.25896  16.84727  01904.65  15.73023  0807.44  0787.46  *D:\Capturas\Capturas_20170414\GSC-3428-1497\New\GSC-3428-1497-20170414_2340_000010145.FIT
0093  20170414.98809     407057    4864222  7.29368  + 01.26250  16.60632  01837.98  15.89143  0808.28  0785.98  *D:\Capturas\Capturas_20170414\GSC-3428-1497\New\GSC-3428-1497-20170414_2342_000010146.FIT
0094  20170414.98902     342971    4099944  7.29327  + 01.26619  16.77900  01984.48  15.62088  0808.14  0785.59  *D:\Capturas\Capturas_20170414\GSC-3428-1497\New\GSC-3428-1497-20170414_2343_000010147.FIT
0095  20170414.98988     341896    4029842  7.30866  + 01.26964  16.56723  02004.06  15.60674  0809.34  0785.35  *D:\Capturas\Capturas_20170414\GSC-3428-1497\New\GSC-3428-1497-20170414_2344_000010148.FIT
0096  20170414.99075     335643    3960237  7.30753  + 01.27315  16.75516  01998.91  15.58941  0808.97  0784.51  *D:\Capturas\Capturas_20170414\GSC-3428-1497\New\GSC-3428-1497-20170414_2346_000010149.FIT
0097  20170414.99166     314944    3751143  7.29726  + 01.27687  16.49116  02030.49  15.50287  0808.98  0784.50  *D:\Capturas\Capturas_20170414\GSC-3428-1497\New\GSC-3428-1497-20170414_2347_000010150.FIT
0098  20170414.99255     290012    3450896  7.29830  + 01.28054  16.32259  02105.06  15.37355  0808.15  0783.11  *D:\Capturas\Capturas_20170414\GSC-3428-1497\New\GSC-3428-1497-20170414_2348_000010151.FIT
0099  20170414.99344     254018    3019538  7.29941  + 01.28424  16.39316  02216.30  15.17280  0807.28  0782.77  *D:\Capturas\Capturas_20170414\GSC-3428-1497\New\GSC-3428-1497-20170414_2349_000010152.FIT
0100  20170414.99433     234788    2721099  7.32706  + 01.28798  16.86338  02327.08  15.03371  0809.40  0782.50  *D:\Capturas\Capturas_20170414\GSC-3428-1497\New\GSC-3428-1497-20170414_2351_000010153.FIT
0101  20170414.99523     202798    2453089  7.28038  + 01.29180  16.23822  02427.21  14.82796  0809.72  0780.95  *D:\Capturas\Capturas_20170414\GSC-3428-1497\New\GSC-3428-1497-20170414_2352_000010154.FIT
0102  20170414.99612     200837    2354079  7.31473  + 01.29562  16.58060  02465.42  14.80031  0810.18  0781.52  *D:\Capturas\Capturas_20170414\GSC-3428-1497\New\GSC-3428-1497-20170414_2353_000010155.FIT
0103  20170414.99701     187957    2172498  7.32999  + 01.29947  16.46291  02520.62  14.70385  0809.10  0780.42  *D:\Capturas\Capturas_20170414\GSC-3428-1497\New\GSC-3428-1497-20170414_2355_000010156.FIT
0104  20170414.99791     178354    2123695  7.29757  + 01.30340  16.23500  02555.69  14.63156  0809.47  0780.13  *D:\Capturas\Capturas_20170414\GSC-3428-1497\New\GSC-3428-1497-20170414_2356_000010157.FIT
0105  20170414.99880     182596    2070565  7.35085  + 01.30732  16.81244  02599.05  14.63885  0809.23  0778.88  *D:\Capturas\Capturas_20170414\GSC-3428-1497\New\GSC-3428-1497-20170414_2357_000010158.FIT
