12 14 30.3
+17 08 54
14.004 CV


 NUM       FECHA MPC    COMPARA              PT COM
----  --------------  ---------  ------------------
0000  20170522.87881     225584    1559564  7.89069  + 01.11172  05.02277  01256.13  15.66274  0952.96  0304.12  *C:\Capturas\Capturas_20170522\GSC 1442-1358\New\GSC 1442-1358-20170522_2104_000010614.FIT
0001  20170522.88019     229669    1588049  7.89052  + 01.11291  04.09027  01179.40  15.75107  0952.19  0301.99  *C:\Capturas\Capturas_20170522\GSC 1442-1358\New\GSC 1442-1358-20170522_2106_000010615.FIT
0002  20170522.88163     230050    1609837  7.87746  + 01.11422  04.35287  01133.07  15.79661  0952.71  0300.00  *C:\Capturas\Capturas_20170522\GSC 1442-1358\New\GSC 1442-1358-20170522_2108_000010616.FIT
0003  20170522.88297     232181    1613489  7.88505  + 01.11551  04.79720  01094.24  15.84471  0954.15  0297.82  *C:\Capturas\Capturas_20170522\GSC 1442-1358\New\GSC 1442-1358-20170522_2110_000010617.FIT
0004  20170522.88431     229866    1613165  7.87434  + 01.11686  04.35518  01060.34  15.86811  0953.25  0296.26  *C:\Capturas\Capturas_20170522\GSC 1442-1358\New\GSC 1442-1358-20170522_2112_000010618.FIT
0005  20170522.88564     229882    1605549  7.87957  + 01.11827  04.47878  01031.16  15.89863  0953.45  0294.76  *C:\Capturas\Capturas_20170522\GSC 1442-1358\New\GSC 1442-1358-20170522_2114_000010619.FIT
0006  20170522.88701     233813    1593139  7.90654  + 01.11979  05.04050  00995.20  15.95585  0952.04  0293.23  *C:\Capturas\Capturas_20170522\GSC 1442-1358\New\GSC 1442-1358-20170522_2116_000010620.FIT
0007  20170522.88834     229363    1577136  7.89659  + 01.12132  04.58925  00979.15  15.95262  0954.30  0291.63  *C:\Capturas\Capturas_20170522\GSC 1442-1358\New\GSC 1442-1358-20170522_2118_000010621.FIT
0008  20170522.88969     230594    1559804  7.91448  + 01.12295  04.57300  00962.30  15.97740  0954.44  0290.19  *C:\Capturas\Capturas_20170522\GSC 1442-1358\New\GSC 1442-1358-20170522_2120_000010622.FIT
0009  20170522.89104     232060    1552537  7.92649  + 01.12465  04.52553  00946.08  16.00286  0954.48  0289.25  *C:\Capturas\Capturas_20170522\GSC 1442-1358\New\GSC 1442-1358-20170522_2122_000010623.FIT
0010  20170522.89242     231146    1533766  7.93546  + 01.12646  04.34411  00935.36  16.01099  0952.78  0288.14  *C:\Capturas\Capturas_20170522\GSC 1442-1358\New\GSC 1442-1358-20170522_2124_000010624.FIT
0011  20170522.89375     228563    1512730  7.93826  + 01.12827  05.13407  00924.56  16.01140  0956.81  0286.80  *C:\Capturas\Capturas_20170522\GSC 1442-1358\New\GSC 1442-1358-20170522_2126_000010625.FIT
0012  20170522.89509     235416    1498856  7.98054  + 01.13016  04.57855  00924.65  16.04352  0955.47  0285.24  *C:\Capturas\Capturas_20170522\GSC 1442-1358\New\GSC 1442-1358-20170522_2128_000010626.FIT
0013  20170522.89647     230616    1478266  7.97316  + 01.13217  04.72983  00929.44  16.01540  0955.76  0283.73  *C:\Capturas\Capturas_20170522\GSC 1442-1358\New\GSC 1442-1358-20170522_2130_000010627.FIT
0014  20170522.89780     229641    1460666  7.98160  + 01.13419  04.80246  00932.22  16.00752  0954.84  0282.64  *C:\Capturas\Capturas_20170522\GSC 1442-1358\New\GSC 1442-1358-20170522_2131_000010628.FIT
0015  20170522.89914     233081    1442172  8.01173  + 01.13629  04.41530  00937.91  16.01711  0955.47  0281.29  *C:\Capturas\Capturas_20170522\GSC 1442-1358\New\GSC 1442-1358-20170522_2133_000010629.FIT
0016  20170522.90047     229650    1428993  8.00556  + 01.13845  04.34206  00926.97  16.01373  0955.67  0279.96  *C:\Capturas\Capturas_20170522\GSC 1442-1358\New\GSC 1442-1358-20170522_2135_000010630.FIT
0017  20170522.90181     231841    1414244  8.02724  + 01.14069  04.88750  00913.99  16.03947  0956.79  0278.80  *C:\Capturas\Capturas_20170522\GSC 1442-1358\New\GSC 1442-1358-20170522_2137_000010631.FIT
0018  20170522.90315     228731    1403228  8.02104  + 01.14300  04.34345  00912.22  16.02685  0954.93  0277.52  *C:\Capturas\Capturas_20170522\GSC 1442-1358\New\GSC 1442-1358-20170522_2139_000010632.FIT
0019  20170522.90448     231502    1387191  8.04672  + 01.14537  04.37408  00914.94  16.03675  0956.28  0276.48  *C:\Capturas\Capturas_20170522\GSC 1442-1358\New\GSC 1442-1358-20170522_2141_000010633.FIT
0020  20170522.90581     229434    1380107  8.04251  + 01.14781  04.59539  00915.07  16.02680  0956.54  0275.22  *C:\Capturas\Capturas_20170522\GSC 1442-1358\New\GSC 1442-1358-20170522_2143_000010634.FIT
0021  20170522.90718     231243    1361685  8.06574  + 01.15040  04.42907  00917.87  16.03203  0954.44  0273.48  *C:\Capturas\Capturas_20170522\GSC 1442-1358\New\GSC 1442-1358-20170522_2145_000010635.FIT
0022  20170522.90851     229569    1351164  8.06628  + 01.15299  04.46063  00920.91  16.02050  0955.10  0272.45  *C:\Capturas\Capturas_20170522\GSC 1442-1358\New\GSC 1442-1358-20170522_2147_000010636.FIT
0023  20170522.90985     228712    1342098  8.06954  + 01.15568  04.74191  00916.33  16.02186  0955.02  0271.61  *C:\Capturas\Capturas_20170522\GSC 1442-1358\New\GSC 1442-1358-20170522_2149_000010637.FIT
0024  20170522.91118     230934    1329778  8.09015  + 01.15841  04.20017  00920.18  16.02784  0955.19  0270.88  *C:\Capturas\Capturas_20170522\GSC 1442-1358\New\GSC 1442-1358-20170522_2151_000010638.FIT
