12 14 30.3
+17 08 53
14.004 CV


 NUM       FECHA MPC    COMPARA              PT COM
----  --------------  ---------  ------------------
0000  20170523.86347     236469    1614173  7.90455  + 01.10398  03.84716  07445.50  13.77272  0945.00  0303.94  *C:\Capturas\Capturas_20170523\GSC 1442-1358\New\GSC 1442-1358-20170523_2042_000010639.FIT
0001  20170523.86484     245247    1636699  7.92919  + 01.10455  04.39272  06000.55  14.04787  0944.08  0301.41  *C:\Capturas\Capturas_20170523\GSC 1442-1358\New\GSC 1442-1358-20170523_2044_000010640.FIT
0002  20170523.86619     236267    1659577  7.87336  + 01.10518  04.56013  04879.84  14.23271  0944.37  0299.64  *C:\Capturas\Capturas_20170523\GSC 1442-1358\New\GSC 1442-1358-20170523_2046_000010641.FIT
0003  20170523.86753     233897    1667385  7.85724  + 01.10587  04.39441  04020.92  14.43292  0942.54  0297.90  *C:\Capturas\Capturas_20170523\GSC 1442-1358\New\GSC 1442-1358-20170523_2048_000010642.FIT
0004  20170523.87025     234277    1667751  7.85877  + 01.10745  04.46747  02808.46  14.82621  0944.44  0294.59  *C:\Capturas\Capturas_20170523\GSC 1442-1358\New\GSC 1442-1358-20170523_2052_000010644.FIT
0005  20170523.87163     239414    1662724  7.88572  + 01.10836  04.81113  02387.79  15.02690  0944.09  0293.09  *C:\Capturas\Capturas_20170523\GSC 1442-1358\New\GSC 1442-1358-20170523_2054_000010645.FIT
0006  20170523.87436     238325    1623316  7.90692  + 01.11034  04.17317  01827.58  15.31362  0945.76  0289.99  *C:\Capturas\Capturas_20170523\GSC 1442-1358\New\GSC 1442-1358-20170523_2058_000010647.FIT
0007  20170523.88250     239516    1518029  7.98551  + 01.11783  04.16321  01163.47  15.81171  0945.43  0283.24  *C:\Capturas\Capturas_20170523\GSC 1442-1358\New\GSC 1442-1358-20170523_2109_000010653.FIT
0008  20170523.89054     236041    1433970  8.03172  + 01.12761  04.12301  01020.08  15.93925  0943.98  0277.22  *C:\Capturas\Capturas_20170523\GSC 1442-1358\New\GSC 1442-1358-20170523_2121_000010659.FIT
0009  20170523.89199     236730    1412760  8.05115  + 01.12963  03.90977  01008.82  15.95454  0943.25  0276.26  *C:\Capturas\Capturas_20170523\GSC 1442-1358\New\GSC 1442-1358-20170523_2123_000010660.FIT
0010  20170523.89336     237397    1404456  8.06065  + 01.13161  04.30460  00993.61  15.97419  0943.44  0274.90  *C:\Capturas\Capturas_20170523\GSC 1442-1358\New\GSC 1442-1358-20170523_2125_000010661.FIT
0011  20170523.89469     239499    1389466  8.08198  + 01.13361  03.94865  00988.97  15.98891  0941.71  0274.36  *C:\Capturas\Capturas_20170523\GSC 1442-1358\New\GSC 1442-1358-20170523_2127_000010662.FIT
0012  20170523.89603     238489    1380669  8.08430  + 01.13569  03.89933  00979.67  15.99461  0941.67  0273.25  *C:\Capturas\Capturas_20170523\GSC 1442-1358\New\GSC 1442-1358-20170523_2129_000010663.FIT
0013  20170523.89736     237351    1372841  8.08528  + 01.13783  04.08205  00980.03  15.98898  0942.97  0272.63  *C:\Capturas\Capturas_20170523\GSC 1442-1358\New\GSC 1442-1358-20170523_2131_000010664.FIT
