12 14 30.7
+17 08 55
14.004 CV


 NUM       FECHA MPC    COMPARA              PT COM
----  --------------  ---------  ------------------
0000  20170531.86400     249855    1415748  8.10772  + 01.12159  09.83705  19095.96  12.80527  0958.54  0298.19  *C:\Capturas\Capturas_20170531\GSC 1442-1358\New\GSC 1442-1358-20170531_2043_000010729.FIT
0001  20170531.86560     239259    1392948  8.07815  + 01.12355  10.03403  15049.40  13.01779  0957.88  0294.61  *C:\Capturas\Capturas_20170531\GSC 1442-1358\New\GSC 1442-1358-20170531_2045_000010730.FIT
0002  20170531.86716     246463    1375566  8.12421  + 01.12554  09.78266  12033.73  13.29411  0955.63  0291.61  *C:\Capturas\Capturas_20170531\GSC 1442-1358\New\GSC 1442-1358-20170531_2047_000010731.FIT
0003  20170531.86874     240505    1346934  8.12047  + 01.12766  10.22385  09699.20  13.50270  0956.03  0287.73  *C:\Capturas\Capturas_20170531\GSC 1442-1358\New\GSC 1442-1358-20170531_2049_000010732.FIT
0004  20170531.87031     247775    1321490  8.17376  + 01.12985  10.26222  07873.78  13.76266  0955.22  0286.33  *C:\Capturas\Capturas_20170531\GSC 1442-1358\New\GSC 1442-1358-20170531_2052_000010733.FIT
0005  20170531.87191     249249    1331152  8.17228  + 01.13219  10.54552  06551.19  13.96975  0954.05  0283.19  *C:\Capturas\Capturas_20170531\GSC 1442-1358\New\GSC 1442-1358-20170531_2054_000010734.FIT
0006  20170531.87350     254300    1331920  8.19354  + 01.13460  10.19314  05518.70  14.17874  0953.84  0280.73  *C:\Capturas\Capturas_20170531\GSC 1442-1358\New\GSC 1442-1358-20170531_2056_000010735.FIT
0007  20170531.87509     251730    1338180  8.17734  + 01.13712  10.31860  04806.65  14.31836  0954.73  0278.63  *C:\Capturas\Capturas_20170531\GSC 1442-1358\New\GSC 1442-1358-20170531_2059_000010736.FIT
0008  20170531.87666     249075    1313834  8.18581  + 01.13970  10.05683  04267.92  14.43648  0953.40  0276.73  *C:\Capturas\Capturas_20170531\GSC 1442-1358\New\GSC 1442-1358-20170531_2101_000010737.FIT
0009  20170531.87825     240554    1275301  8.18031  + 01.14242  10.16017  03834.92  14.51521  0952.62  0274.26  *C:\Capturas\Capturas_20170531\GSC 1442-1358\New\GSC 1442-1358-20170531_2103_000010738.FIT
0010  20170531.87986     247522    1299458  8.19099  + 01.14528  10.37760  03476.85  14.65330  0952.26  0273.09  *C:\Capturas\Capturas_20170531\GSC 1442-1358\New\GSC 1442-1358-20170531_2105_000010739.FIT
0011  20170531.88142     243280    1288468  8.18139  + 01.14814  10.30850  03206.70  14.72268  0951.59  0271.95  *C:\Capturas\Capturas_20170531\GSC 1442-1358\New\GSC 1442-1358-20170531_2108_000010740.FIT
0012  20170531.88300     248560    1297253  8.19741  + 01.15115  10.22935  03009.25  14.81543  0950.06  0270.43  *C:\Capturas\Capturas_20170531\GSC 1442-1358\New\GSC 1442-1358-20170531_2110_000010741.FIT
0013  20170531.88457     246432    1295563  8.18945  + 01.15424  10.29633  02838.67  14.86972  0948.12  0269.76  *C:\Capturas\Capturas_20170531\GSC 1442-1358\New\GSC 1442-1358-20170531_2112_000010742.FIT
0014  20170531.88619     248298    1292086  8.20061  + 01.15754  10.45500  02734.00  14.91893  0949.86  0268.38  *C:\Capturas\Capturas_20170531\GSC 1442-1358\New\GSC 1442-1358-20170531_2115_000010743.FIT
0015  20170531.88778     247463    1308764  8.18294  + 01.16088  10.06400  02668.76  14.94161  0949.70  0266.91  *C:\Capturas\Capturas_20170531\GSC 1442-1358\New\GSC 1442-1358-20170531_2117_000010744.FIT
0016  20170531.88934     257121    1283778  8.24574  + 01.16427  10.16600  02621.08  15.00304  0948.00  0265.55  *C:\Capturas\Capturas_20170531\GSC 1442-1358\New\GSC 1442-1358-20170531_2119_000010745.FIT
0017  20170531.89091     251529    1294820  8.21241  + 01.16779  10.04700  02576.15  14.99792  0948.32  0264.37  *C:\Capturas\Capturas_20170531\GSC 1442-1358\New\GSC 1442-1358-20170531_2121_000010746.FIT
0018  20170531.89257     252201    1312548  8.20048  + 01.17163  09.92585  02522.44  15.02381  0948.27  0263.49  *C:\Capturas\Capturas_20170531\GSC 1442-1358\New\GSC 1442-1358-20170531_2124_000010747.FIT
0019  20170531.89416     246305    1305788  8.18031  + 01.17542  10.11398  02487.70  15.01313  0948.78  0262.61  *C:\Capturas\Capturas_20170531\GSC 1442-1358\New\GSC 1442-1358-20170531_2126_000010748.FIT
0020  20170531.89575     247961    1312214  8.18226  + 01.17933  09.78324  02472.79  15.02701  0947.44  0261.49  *C:\Capturas\Capturas_20170531\GSC 1442-1358\New\GSC 1442-1358-20170531_2128_000010749.FIT
0021  20170531.89735     253830    1350716  8.17624  + 01.18339  09.76503  02478.59  15.04997  0947.83  0259.51  *C:\Capturas\Capturas_20170531\GSC 1442-1358\New\GSC 1442-1358-20170531_2131_000010750.FIT
0022  20170531.89895     248941    1358595  8.14867  + 01.18756  09.91181  02474.70  15.03046  0947.34  0259.59  *C:\Capturas\Capturas_20170531\GSC 1442-1358\New\GSC 1442-1358-20170531_2133_000010751.FIT
0023  20170531.90052     251446    1365423  8.15413  + 01.19177  09.92417  02525.36  15.01928  0946.44  0258.81  *C:\Capturas\Capturas_20170531\GSC 1442-1358\New\GSC 1442-1358-20170531_2135_000010752.FIT
0024  20170531.90212     247933    1379508  8.12758  + 01.19619  10.07686  02512.87  15.00934  0947.12  0258.04  *C:\Capturas\Capturas_20170531\GSC 1442-1358\New\GSC 1442-1358-20170531_2137_000010753.FIT
0025  20170531.90372     240372    1416897  8.06462  + 01.20074  09.67437  02540.78  14.96350  0946.54  0256.75  *C:\Capturas\Capturas_20170531\GSC 1442-1358\New\GSC 1442-1358-20170531_2140_000010754.FIT
0026  20170531.90531     246693    1452680  8.06573  + 01.20538  09.81117  02534.78  14.99440  0945.05  0256.32  *C:\Capturas\Capturas_20170531\GSC 1442-1358\New\GSC 1442-1358-20170531_2142_000010755.FIT
0027  20170531.90690     249417    1492903  8.04791  + 01.21015  09.93682  02524.63  15.01076  0944.90  0255.52  *C:\Capturas\Capturas_20170531\GSC 1442-1358\New\GSC 1442-1358-20170531_2144_000010756.FIT
0028  20170531.90847     246835    1542750  8.00073  + 01.21499  09.67917  02506.25  15.00738  0945.76  0254.41  *C:\Capturas\Capturas_20170531\GSC 1442-1358\New\GSC 1442-1358-20170531_2147_000010757.FIT
0029  20170531.91003     249510    1572036  7.99197  + 01.21992  09.91458  02503.88  15.02017  0944.16  0253.92  *C:\Capturas\Capturas_20170531\GSC 1442-1358\New\GSC 1442-1358-20170531_2149_000010758.FIT
0030  20170531.91162     247474    1620109  7.95017  + 01.22509  09.60053  02503.82  15.01126  0943.51  0252.79  *C:\Capturas\Capturas_20170531\GSC 1442-1358\New\GSC 1442-1358-20170531_2151_000010759.FIT
0031  20170531.91322     245123    1646817  7.92192  + 01.23043  09.61350  02529.94  14.98952  0944.52  0251.60  *C:\Capturas\Capturas_20170531\GSC 1442-1358\New\GSC 1442-1358-20170531_2153_000010760.FIT
0032  20170531.91480     245910    1645105  7.92655  + 01.23584  09.79624  02590.79  14.96709  0944.28  0251.70  *C:\Capturas\Capturas_20170531\GSC 1442-1358\New\GSC 1442-1358-20170531_2156_000010761.FIT
0033  20170531.91639     241069    1655314  7.89811  + 01.24142  09.79731  02621.58  14.93251  0944.28  0250.86  *C:\Capturas\Capturas_20170531\GSC 1442-1358\New\GSC 1442-1358-20170531_2158_000010762.FIT
0034  20170531.91797     242535    1618086  7.92954  + 01.24712  09.77167  02679.33  14.91535  0942.75  0250.08  *C:\Capturas\Capturas_20170531\GSC 1442-1358\New\GSC 1442-1358-20170531_2200_000010763.FIT
0035  20170531.91955     238081    1619119  7.90862  + 01.25296  10.07620  02705.09  14.88469  0944.39  0250.07  *C:\Capturas\Capturas_20170531\GSC 1442-1358\New\GSC 1442-1358-20170531_2203_000010764.FIT
0036  20170531.92115     240291    1606809  7.92703  + 01.25903  09.76088  02671.06  14.90858  0944.41  0249.34  *C:\Capturas\Capturas_20170531\GSC 1442-1358\New\GSC 1442-1358-20170531_2205_000010765.FIT
0037  20170531.92272     240858    1590347  7.94084  + 01.26513  09.83184  02653.63  14.91830  0942.93  0248.08  *C:\Capturas\Capturas_20170531\GSC 1442-1358\New\GSC 1442-1358-20170531_2207_000010766.FIT
0038  20170531.92431     234965    1519936  7.96321  + 01.27147  10.02628  02701.36  14.87182  0942.15  0247.15  *C:\Capturas\Capturas_20170531\GSC 1442-1358\New\GSC 1442-1358-20170531_2209_000010767.FIT
0039  20170531.92590     234328    1495484  7.97795  + 01.27797  09.80866  02699.94  14.86944  0942.77  0246.75  *C:\Capturas\Capturas_20170531\GSC 1442-1358\New\GSC 1442-1358-20170531_2212_000010768.FIT
0040  20170531.92750     230628    1453181  7.99189  + 01.28467  09.96215  02781.67  14.81954  0942.14  0246.14  *C:\Capturas\Capturas_20170531\GSC 1442-1358\New\GSC 1442-1358-20170531_2214_000010769.FIT
0041  20170531.92909     189885    1167035  8.01905  + 01.29150  10.04740  04049.57  14.19776  0940.90  0245.67  *C:\Capturas\Capturas_20170531\GSC 1442-1358\New\GSC 1442-1358-20170531_2216_000010770.FIT
0042  20170531.93065     208119    1271612  8.02546  + 01.29837  09.79613  03614.60  14.42175  0942.30  0246.27  *C:\Capturas\Capturas_20170531\GSC 1442-1358\New\GSC 1442-1358-20170531_2219_000010771.FIT
0043  20170531.93222     219720    1317380  8.04606  + 01.30544  09.93568  03274.79  14.58864  0943.04  0245.03  *C:\Capturas\Capturas_20170531\GSC 1442-1358\New\GSC 1442-1358-20170531_2221_000010772.FIT
0044  20170531.93380     225021    1352872  8.04307  + 01.31274  09.67289  03021.70  14.70239  0942.64  0244.35  *C:\Capturas\Capturas_20170531\GSC 1442-1358\New\GSC 1442-1358-20170531_2223_000010773.FIT
0045  20170531.93539     209824    1274737  8.03168  + 01.32027  09.89767  03419.77  14.49110  0943.33  0244.37  *C:\Capturas\Capturas_20170531\GSC 1442-1358\New\GSC 1442-1358-20170531_2225_000010774.FIT
0046  20170531.93696     220162    1273381  8.08531  + 01.32788  09.89737  03340.21  14.56925  0942.95  0242.91  *C:\Capturas\Capturas_20170531\GSC 1442-1358\New\GSC 1442-1358-20170531_2228_000010775.FIT
