12 14 30.8
+17 08 54
14.004 CV


 NUM       FECHA MPC    COMPARA              PT COM
----  --------------  ---------  ------------------
0000  20170530.86595     256896    1531878  8.05203  + 01.12068  09.76326  12947.74  13.25948  0973.96  0298.70  *C:\Capturas\Capturas_20170530\GSC 1442-1358\New\GSC 1442-1358-20170530_2045_000010699.FIT
0001  20170530.86755     261118    1509048  8.08619  + 01.12258  09.88223  10244.83  13.53271  0974.63  0296.54  *C:\Capturas\Capturas_20170530\GSC 1442-1358\New\GSC 1442-1358-20170530_2048_000010700.FIT
0002  20170530.86914     251288    1481998  8.06406  + 01.12457  09.73717  08183.55  13.73592  0975.02  0294.34  *C:\Capturas\Capturas_20170530\GSC 1442-1358\New\GSC 1442-1358-20170530_2050_000010701.FIT
0003  20170530.87073     252322    1468974  8.07817  + 01.12665  10.16394  06624.79  13.97093  0973.98  0290.95  *C:\Capturas\Capturas_20170530\GSC 1442-1358\New\GSC 1442-1358-20170530_2052_000010702.FIT
0004  20170530.87229     253515    1458669  8.09100  + 01.12879  09.92772  05453.87  14.18825  0975.70  0288.15  *C:\Capturas\Capturas_20170530\GSC 1442-1358\New\GSC 1442-1358-20170530_2055_000010703.FIT
0005  20170530.87387     249775    1440086  8.08877  + 01.13105  10.01751  04567.47  14.36554  0974.95  0285.82  *C:\Capturas\Capturas_20170530\GSC 1442-1358\New\GSC 1442-1358-20170530_2057_000010704.FIT
0006  20170530.87544     255421    1441020  8.11245  + 01.13339  09.66547  03884.16  14.56671  0974.68  0283.01  *C:\Capturas\Capturas_20170530\GSC 1442-1358\New\GSC 1442-1358-20170530_2059_000010705.FIT
0007  20170530.87700     254641    1449591  8.10264  + 01.13581  09.54373  03366.52  14.71941  0974.88  0280.55  *C:\Capturas\Capturas_20170530\GSC 1442-1358\New\GSC 1442-1358-20170530_2101_000010706.FIT
0008  20170530.87856     259407    1427735  8.13945  + 01.13833  09.73611  02969.47  14.87655  0974.99  0278.91  *C:\Capturas\Capturas_20170530\GSC 1442-1358\New\GSC 1442-1358-20170530_2104_000010707.FIT
0009  20170530.88014     257619    1412815  8.14336  + 01.14097  09.53320  02688.29  14.97753  0974.88  0277.44  *C:\Capturas\Capturas_20170530\GSC 1442-1358\New\GSC 1442-1358-20170530_2106_000010708.FIT
0010  20170530.88170     254275    1400160  8.13892  + 01.14368  09.49511  02454.25  15.06265  0972.59  0276.30  *C:\Capturas\Capturas_20170530\GSC 1442-1358\New\GSC 1442-1358-20170530_2108_000010709.FIT
0011  20170530.88326     256679    1410857  8.14089  + 01.14649  09.37580  02268.05  15.15899  0973.32  0274.87  *C:\Capturas\Capturas_20170530\GSC 1442-1358\New\GSC 1442-1358-20170530_2110_000010710.FIT
0012  20170530.88486     258807    1395930  8.16150  + 01.14948  09.61034  02121.31  15.24096  0973.13  0273.91  *C:\Capturas\Capturas_20170530\GSC 1442-1358\New\GSC 1442-1358-20170530_2113_000010711.FIT
0013  20170530.88642     255014    1395726  8.14555  + 01.15249  09.46795  02021.03  15.27769  0973.21  0272.17  *C:\Capturas\Capturas_20170530\GSC 1442-1358\New\GSC 1442-1358-20170530_2115_000010712.FIT
0014  20170530.88802     256961    1381559  8.16498  + 01.15569  09.20272  01948.37  15.32593  0973.34  0271.21  *C:\Capturas\Capturas_20170530\GSC 1442-1358\New\GSC 1442-1358-20170530_2117_000010713.FIT
0015  20170530.88958     253346    1376608  8.15344  + 01.15891  09.11720  01897.07  15.33958  0973.21  0269.71  *C:\Capturas\Capturas_20170530\GSC 1442-1358\New\GSC 1442-1358-20170530_2119_000010714.FIT
0016  20170530.89117     258842    1370073  8.18204  + 01.16230  09.32098  01857.26  15.38613  0973.55  0268.74  *C:\Capturas\Capturas_20170530\GSC 1442-1358\New\GSC 1442-1358-20170530_2122_000010715.FIT
0017  20170530.89274     256387    1373634  8.16881  + 01.16576  09.06186  01827.35  15.39345  0972.91  0266.77  *C:\Capturas\Capturas_20170530\GSC 1442-1358\New\GSC 1442-1358-20170530_2124_000010716.FIT
0018  20170530.89433     261105    1376953  8.18607  + 01.16937  09.36548  01804.53  15.42705  0974.53  0266.34  *C:\Capturas\Capturas_20170530\GSC 1442-1358\New\GSC 1442-1358-20170530_2126_000010717.FIT
0019  20170530.89593     261530    1361178  8.20042  + 01.17312  09.15756  01796.77  15.43353  0973.79  0264.60  *C:\Capturas\Capturas_20170530\GSC 1442-1358\New\GSC 1442-1358-20170530_2129_000010718.FIT
0020  20170530.89751     259865    1347619  8.20437  + 01.17693  09.35772  01787.31  15.43232  0973.52  0263.44  *C:\Capturas\Capturas_20170530\GSC 1442-1358\New\GSC 1442-1358-20170530_2131_000010719.FIT
0021  20170530.89909     256509    1347275  8.19047  + 01.18086  09.20750  01778.64  15.42345  0974.38  0262.71  *C:\Capturas\Capturas_20170530\GSC 1442-1358\New\GSC 1442-1358-20170530_2133_000010720.FIT
0022  20170530.90067     261380    1355158  8.20463  + 01.18491  09.05681  01779.57  15.44340  0974.79  0261.32  *C:\Capturas\Capturas_20170530\GSC 1442-1358\New\GSC 1442-1358-20170530_2135_000010721.FIT
0023  20170530.90225     260139    1351876  8.20208  + 01.18908  08.99647  01766.07  15.44651  0973.92  0259.73  *C:\Capturas\Capturas_20170530\GSC 1442-1358\New\GSC 1442-1358-20170530_2138_000010722.FIT
0024  20170530.90384     258379    1345488  8.19984  + 01.19339  09.01079  01762.06  15.44158  0973.67  0259.10  *C:\Capturas\Capturas_20170530\GSC 1442-1358\New\GSC 1442-1358-20170530_2140_000010723.FIT
0025  20170530.90543     258568    1349720  8.19722  + 01.19782  09.13530  01763.72  15.44136  0975.30  0258.43  *C:\Capturas\Capturas_20170530\GSC 1442-1358\New\GSC 1442-1358-20170530_2142_000010724.FIT
0026  20170530.90703     257732    1350107  8.19337  + 01.20241  09.00069  01772.89  15.43217  0973.77  0257.75  *C:\Capturas\Capturas_20170530\GSC 1442-1358\New\GSC 1442-1358-20170530_2145_000010725.FIT
0027  20170530.90858     255291    1370663  8.16650  + 01.20698  08.79455  01785.00  15.41436  0973.07  0256.86  *C:\Capturas\Capturas_20170530\GSC 1442-1358\New\GSC 1442-1358-20170530_2147_000010726.FIT
0028  20170530.91015     258533    1372455  8.17884  + 01.21174  08.93449  01774.46  15.43459  0972.26  0255.74  *C:\Capturas\Capturas_20170530\GSC 1442-1358\New\GSC 1442-1358-20170530_2149_000010727.FIT
0029  20170530.91174     260123    1386655  8.17430  + 01.21668  08.90014  01769.31  15.44444  0973.26  0254.94  *C:\Capturas\Capturas_20170530\GSC 1442-1358\New\GSC 1442-1358-20170530_2151_000010728.FIT
