FOTOMETRÍA ABSOLUTA

ESTRELLAS DE CALIBRADO:
   C1: 14.004 CV

PT COM 
FECHA J HELIO         MAG      +/-
----------------------------------
2457896.38113      11.905    0.003
2457896.38251      11.905    0.003
2457896.38395      11.892    0.003
2457896.38529      11.899    0.003
2457896.38663      11.888    0.003
2457896.38796      11.894    0.003
2457896.38933      11.921    0.003
2457896.39066      11.911    0.003
2457896.39201      11.928    0.003
2457896.39336      11.940    0.003
2457896.39474      11.949    0.003
2457896.39606      11.952    0.003
2457896.39740      11.994    0.003
2457896.39878      11.987    0.003
2457896.40011      11.995    0.003
2457896.40145      12.025    0.003
2457896.40278      12.019    0.003
2457896.40412      12.041    0.003
2457896.40546      12.034    0.003
2457896.40679      12.060    0.003
2457896.40812      12.056    0.003
2457896.40949      12.079    0.003
2457896.41082      12.080    0.003
2457896.41216      12.083    0.003
2457896.41349      12.103    0.003

Observador: Obs. Mazariegos - F. Limon - AAVSO LFEA
FotoDif 3.95
