09 37 24.0
+55 08 49
11.267 CV


 NUM       FECHA MPC    COMPARA        NSVS 2522816
----  --------------  ---------  ------------------
0000  20170420.84289    1708961     477041 11.39209  + 01.02724  03.88933  00994.97  18.12612  0241.85  0240.61  *C:\Capturas\Capturas_20170420\GSC 3810-1553\New\GSC 3810-1553-20170420_2013_000010249.FIT
0001  20170420.84378    1740919     471172 11.42581  + 01.02740  04.01770  00908.48  18.24555  0242.63  0238.80  *C:\Capturas\Capturas_20170420\GSC 3810-1553\New\GSC 3810-1553-20170420_2014_000010250.FIT
0002  20170420.84466    1733072     464875 11.43556  + 01.02758  03.98714  00852.09  18.31053  0243.24  0238.29  *C:\Capturas\Capturas_20170420\GSC 3810-1553\New\GSC 3810-1553-20170420_2015_000010251.FIT
0003  20170420.84554    1722743     460966 11.43825  + 01.02776  03.94847  00788.43  18.38872  0245.72  0236.70  *C:\Capturas\Capturas_20170420\GSC 3810-1553\New\GSC 3810-1553-20170420_2016_000010252.FIT
0004  20170420.84641    1726251     448923 11.46935  + 01.02796  04.19098  00749.96  18.44550  0245.50  0235.58  *C:\Capturas\Capturas_20170420\GSC 3810-1553\New\GSC 3810-1553-20170420_2018_000010253.FIT
0005  20170420.84733    1713671     445044 11.47084  + 01.02818  04.00561  00706.89  18.50206  0245.66  0234.36  *C:\Capturas\Capturas_20170420\GSC 3810-1553\New\GSC 3810-1553-20170420_2019_000010254.FIT
0006  20170420.84822    1743321     436353 11.51107  + 01.02841  04.03007  00678.10  18.56613  0245.32  0233.03  *C:\Capturas\Capturas_20170420\GSC 3810-1553\New\GSC 3810-1553-20170420_2020_000010255.FIT
0007  20170420.84912    1703360     434148 11.49130  + 01.02866  03.73620  00654.10  18.58014  0245.14  0231.82  *C:\Capturas\Capturas_20170420\GSC 3810-1553\New\GSC 3810-1553-20170420_2022_000010256.FIT
0008  20170420.85002    1741335     422593 11.54478  + 01.02892  04.22810  00631.16  18.64314  0247.43  0230.48  *C:\Capturas\Capturas_20170420\GSC 3810-1553\New\GSC 3810-1553-20170420_2023_000010257.FIT
0009  20170420.85091    1751320     418331 11.56208  + 01.02919  03.86023  00614.10  18.67928  0247.89  0228.15  *C:\Capturas\Capturas_20170420\GSC 3810-1553\New\GSC 3810-1553-20170420_2024_000010258.FIT
0010  20170420.85181    1764626     415505 11.57773  + 01.02948  04.18357  00600.03  18.71281  0248.15  0225.71  *C:\Capturas\Capturas_20170420\GSC 3810-1553\New\GSC 3810-1553-20170420_2026_000010259.FIT
0011  20170420.85272    1734888     410944 11.57123  + 01.02979  03.85957  00584.06  18.72371  0247.75  0224.91  *C:\Capturas\Capturas_20170420\GSC 3810-1553\New\GSC 3810-1553-20170420_2027_000010260.FIT
0012  20170420.85359    1745257     399753 11.60785  + 01.03009  03.94156  00574.95  18.74736  0247.83  0223.84  *C:\Capturas\Capturas_20170420\GSC 3810-1553\New\GSC 3810-1553-20170420_2028_000010261.FIT
0013  20170420.85446    1749316     400646 11.60795  + 01.03042  04.09044  00568.47  18.76227  0247.20  0222.42  *C:\Capturas\Capturas_20170420\GSC 3810-1553\New\GSC 3810-1553-20170420_2029_000010262.FIT
0014  20170420.85532    1758232     391814 11.63781  + 01.03075  04.17577  00562.81  18.77872  0247.29  0221.50  *C:\Capturas\Capturas_20170420\GSC 3810-1553\New\GSC 3810-1553-20170420_2031_000010263.FIT
0015  20170420.85620    1760562     394388 11.63212  + 01.03110  04.16197  00558.70  18.78817  0249.61  0220.39  *C:\Capturas\Capturas_20170420\GSC 3810-1553\New\GSC 3810-1553-20170420_2032_000010264.FIT
0016  20170420.85707    1753399     388460 11.64419  + 01.03146  04.21743  00554.05  18.79284  0248.14  0219.66  *C:\Capturas\Capturas_20170420\GSC 3810-1553\New\GSC 3810-1553-20170420_2033_000010265.FIT
0017  20170420.85799    1760745     385703 11.65652  + 01.03186  04.22259  00557.99  18.78967  0249.44  0218.61  *C:\Capturas\Capturas_20170420\GSC 3810-1553\New\GSC 3810-1553-20170420_2034_000010266.FIT
0018  20170420.85887    1739895     382618 11.65229  + 01.03226  04.04480  00583.91  18.72714  0248.74  0217.56  *C:\Capturas\Capturas_20170420\GSC 3810-1553\New\GSC 3810-1553-20170420_2036_000010267.FIT
0019  20170420.85977    1757404     381151 11.66740  + 01.03268  03.96029  00586.33  18.73354  0248.18  0216.95  *C:\Capturas\Capturas_20170420\GSC 3810-1553\New\GSC 3810-1553-20170420_2037_000010268.FIT
0020  20170420.86067    1761681     377969 11.67920  + 01.03311  04.12917  00544.76  18.81643  0248.63  0215.99  *C:\Capturas\Capturas_20170420\GSC 3810-1553\New\GSC 3810-1553-20170420_2038_000010269.FIT
0021  20170420.86154    1753016     375466 11.68107  + 01.03354  04.11779  00531.59  18.83773  0249.13  0215.28  *C:\Capturas\Capturas_20170420\GSC 3810-1553\New\GSC 3810-1553-20170420_2040_000010270.FIT
0022  20170420.86247    1755953     373877 11.68752  + 01.03402  04.14402  00535.72  18.83113  0249.59  0214.37  *C:\Capturas\Capturas_20170420\GSC 3810-1553\New\GSC 3810-1553-20170420_2041_000010271.FIT
0023  20170420.86337    1759554     371086 11.69793  + 01.03450  04.12837  00536.54  18.83169  0248.64  0213.34  *C:\Capturas\Capturas_20170420\GSC 3810-1553\New\GSC 3810-1553-20170420_2042_000010272.FIT
0024  20170420.86425    1754251     365007 11.71266  + 01.03498  03.90966  00594.23  18.71699  0249.87  0212.99  *C:\Capturas\Capturas_20170420\GSC 3810-1553\New\GSC 3810-1553-20170420_2043_000010273.FIT
0025  20170420.86515    1746427     364639 11.70888  + 01.03549  04.01078  00604.77  18.69292  0248.12  0212.26  *C:\Capturas\Capturas_20170420\GSC 3810-1553\New\GSC 3810-1553-20170420_2045_000010274.FIT
0026  20170420.86605    1766843     363514 11.72493  + 01.03601  04.49908  00573.55  18.76344  0247.28  0211.65  *C:\Capturas\Capturas_20170420\GSC 3810-1553\New\GSC 3810-1553-20170420_2046_000010275.FIT
0027  20170420.86692    1749899     361453 11.72062  + 01.03653  04.00174  00546.60  18.80543  0248.76  0211.00  *C:\Capturas\Capturas_20170420\GSC 3810-1553\New\GSC 3810-1553-20170420_2047_000010276.FIT
0028  20170420.86779    1735436     361050 11.71279  + 01.03706  04.20349  00534.68  18.82041  0248.45  0209.98  *C:\Capturas\Capturas_20170420\GSC 3810-1553\New\GSC 3810-1553-20170420_2049_000010277.FIT
0029  20170420.86867    1761455     358945 11.73540  + 01.03761  04.02667  00533.79  18.83847  0248.77  0209.76  *C:\Capturas\Capturas_20170420\GSC 3810-1553\New\GSC 3810-1553-20170420_2050_000010278.FIT
0030  20170420.86957    1742373     355742 11.73330  + 01.03819  04.16342  00538.48  18.81704  0247.89  0208.66  *C:\Capturas\Capturas_20170420\GSC 3810-1553\New\GSC 3810-1553-20170420_2051_000010279.FIT
0031  20170420.87044    1741040     354803 11.73534  + 01.03877  03.89337  00584.72  18.72634  0247.93  0208.22  *C:\Capturas\Capturas_20170420\GSC 3810-1553\New\GSC 3810-1553-20170420_2052_000010280.FIT
0032  20170420.87134    1766319     355207 11.74983  + 01.03938  04.26540  00543.91  18.82099  0246.44  0208.07  *C:\Capturas\Capturas_20170420\GSC 3810-1553\New\GSC 3810-1553-20170420_2054_000010281.FIT
0033  20170420.87221    1766966     353865 11.75436  + 01.03998  04.24563  00531.87  18.84581  0246.69  0206.88  *C:\Capturas\Capturas_20170420\GSC 3810-1553\New\GSC 3810-1553-20170420_2055_000010282.FIT
0034  20170420.87308    1773467     354848 11.75534  + 01.04060  04.33620  00530.13  18.85340  0247.96  0206.56  *C:\Capturas\Capturas_20170420\GSC 3810-1553\New\GSC 3810-1553-20170420_2056_000010283.FIT
0035  20170420.87399    1746806     351075 11.75047  + 01.04126  04.04808  00530.46  18.83618  0246.37  0205.71  *C:\Capturas\Capturas_20170420\GSC 3810-1553\New\GSC 3810-1553-20170420_2057_000010284.FIT
0036  20170420.87487    1746938     350842 11.75128  + 01.04191  04.10567  00531.82  18.83349  0247.39  0205.36  *C:\Capturas\Capturas_20170420\GSC 3810-1553\New\GSC 3810-1553-20170420_2059_000010285.FIT
0037  20170420.87576    1740840     346816 11.76006  + 01.04259  04.02124  00532.78  18.82770  0246.76  0204.52  *C:\Capturas\Capturas_20170420\GSC 3810-1553\New\GSC 3810-1553-20170420_2100_000010286.FIT
0038  20170420.87669    1770828     346481 11.77974  + 01.04331  03.82500  00530.37  18.85129  0247.99  0203.99  *C:\Capturas\Capturas_20170420\GSC 3810-1553\New\GSC 3810-1553-20170420_2101_000010287.FIT
0039  20170420.87756    1736074     348064 11.75315  + 01.04400  03.96222  00585.33  18.72208  0245.76  0203.36  *C:\Capturas\Capturas_20170420\GSC 3810-1553\New\GSC 3810-1553-20170420_2103_000010288.FIT
0040  20170420.87843    1753359     345214 11.77293  + 01.04471  04.20672  00651.23  18.61649  0245.29  0203.53  *C:\Capturas\Capturas_20170420\GSC 3810-1553\New\GSC 3810-1553-20170420_2104_000010289.FIT
0041  20170420.87932    1744120     344990 11.76787  + 01.04544  04.15385  00563.04  18.76948  0246.34  0202.44  *C:\Capturas\Capturas_20170420\GSC 3810-1553\New\GSC 3810-1553-20170420_2105_000010290.FIT
0042  20170420.88022    1742190     341882 11.77653  + 01.04620  03.97800  00534.27  18.82550  0246.80  0201.80  *C:\Capturas\Capturas_20170420\GSC 3810-1553\New\GSC 3810-1553-20170420_2106_000010291.FIT
0043  20170420.88113    1761131     340883 11.79152  + 01.04698  04.22569  00535.83  18.83411  0247.09  0201.35  *C:\Capturas\Capturas_20170420\GSC 3810-1553\New\GSC 3810-1553-20170420_2108_000010292.FIT
0044  20170420.88200    1761371     341384 11.79007  + 01.04775  04.09196  00529.36  18.84752  0245.73  0200.82  *C:\Capturas\Capturas_20170420\GSC 3810-1553\New\GSC 3810-1553-20170420_2109_000010293.FIT
0045  20170420.88287    1760563     339998 11.79401  + 01.04853  04.05041  00525.41  18.85519  0245.63  0200.30  *C:\Capturas\Capturas_20170420\GSC 3810-1553\New\GSC 3810-1553-20170420_2110_000010294.FIT
0046  20170420.88377    1727661     337036 11.78297  + 01.04935  03.80800  00530.00  18.82512  0246.06  0199.88  *C:\Capturas\Capturas_20170420\GSC 3810-1553\New\GSC 3810-1553-20170420_2112_000010295.FIT
0047  20170420.88468    1736877     337087 11.78861  + 01.05019  04.18680  00528.29  18.83444  0246.06  0199.46  *C:\Capturas\Capturas_20170420\GSC 3810-1553\New\GSC 3810-1553-20170420_2113_000010296.FIT
0048  20170420.88554    1763773     338424 11.80106  + 01.05101  03.95437  00535.07  18.83729  0246.11  0199.02  *C:\Capturas\Capturas_20170420\GSC 3810-1553\New\GSC 3810-1553-20170420_2114_000010297.FIT
0049  20170420.88642    1771845     338269 11.80654  + 01.05185  04.24647  00530.86  18.85090  0244.41  0198.34  *C:\Capturas\Capturas_20170420\GSC 3810-1553\New\GSC 3810-1553-20170420_2115_000010298.FIT
0050  20170420.88734    1744022     338481 11.78859  + 01.05275  04.13102  00533.76  18.82768  0245.42  0197.95  *C:\Capturas\Capturas_20170420\GSC 3810-1553\New\GSC 3810-1553-20170420_2117_000010299.FIT
0051  20170420.88821    1755504     337515 11.79887  + 01.05362  03.90243  00533.49  18.83540  0244.10  0197.15  *C:\Capturas\Capturas_20170420\GSC 3810-1553\New\GSC 3810-1553-20170420_2118_000010300.FIT
0052  20170420.88911    1769863     338521 11.80451  + 01.05454  04.20648  00538.63  18.83383  0245.66  0196.93  *C:\Capturas\Capturas_20170420\GSC 3810-1553\New\GSC 3810-1553-20170420_2119_000010301.FIT
0053  20170420.88998    1745727     339776 11.78549  + 01.05543  03.95398  00540.12  18.81583  0245.30  0196.22  *C:\Capturas\Capturas_20170420\GSC 3810-1553\New\GSC 3810-1553-20170420_2120_000010302.FIT
0054  20170420.89089    1764258     339445 11.79807  + 01.05639  04.08328  00534.61  18.83854  0244.72  0195.68  *C:\Capturas\Capturas_20170420\GSC 3810-1553\New\GSC 3810-1553-20170420_2122_000010303.FIT
0055  20170420.89181    1756763     338746 11.79568  + 01.05737  04.12991  00536.85  18.82934  0244.85  0195.37  *C:\Capturas\Capturas_20170420\GSC 3810-1553\New\GSC 3810-1553-20170420_2123_000010304.FIT
0056  20170420.89267    1745834     340193 11.78422  + 01.05830  04.08292  00530.13  18.83625  0243.09  0194.66  *C:\Capturas\Capturas_20170420\GSC 3810-1553\New\GSC 3810-1553-20170420_2124_000010305.FIT
0057  20170420.89355    1768636     339614 11.80023  + 01.05927  04.18136  00525.41  18.86018  0244.53  0194.09  *C:\Capturas\Capturas_20170420\GSC 3810-1553\New\GSC 3810-1553-20170420_2126_000010306.FIT
0058  20170420.89447    1760551     341848 11.78808  + 01.06031  03.95880  00524.81  18.85642  0244.15  0193.80  *C:\Capturas\Capturas_20170420\GSC 3810-1553\New\GSC 3810-1553-20170420_2127_000010307.FIT
0059  20170420.89537    1737843     342636 11.77141  + 01.06133  03.85653  00522.28  18.84754  0245.06  0193.21  *C:\Capturas\Capturas_20170420\GSC 3810-1553\New\GSC 3810-1553-20170420_2128_000010308.FIT
0060  20170420.89624    1748352     347024 11.76410  + 01.06234  03.88853  00529.23  18.83970  0244.14  0192.86  *C:\Capturas\Capturas_20170420\GSC 3810-1553\New\GSC 3810-1553-20170420_2130_000010309.FIT
0061  20170420.89712    1737685     351690 11.74285  + 01.06337  04.01767  00526.40  18.83886  0243.74  0192.65  *C:\Capturas\Capturas_20170420\GSC 3810-1553\New\GSC 3810-1553-20170420_2131_000010310.FIT
0062  20170420.89802    1759209     346575 11.77227  + 01.06444  04.32351  00531.23  18.84232  0243.66  0191.99  *C:\Capturas\Capturas_20170420\GSC 3810-1553\New\GSC 3810-1553-20170420_2132_000010311.FIT
0063  20170420.89889    1749032     357330 11.73260  + 01.06549  04.14896  00524.56  18.84977  0241.79  0191.56  *C:\Capturas\Capturas_20170420\GSC 3810-1553\New\GSC 3810-1553-20170420_2133_000010312.FIT
0064  20170420.89977    1739514     362780 11.71013  + 01.06657  04.04500  00526.14  18.84055  0243.27  0191.37  *C:\Capturas\Capturas_20170420\GSC 3810-1553\New\GSC 3810-1553-20170420_2135_000010313.FIT
0065  20170420.90066    1748462     369345 11.69616  + 01.06768  03.83397  00528.44  18.84138  0243.08  0190.88  *C:\Capturas\Capturas_20170420\GSC 3810-1553\New\GSC 3810-1553-20170420_2136_000010314.FIT
0066  20170420.90153    1757657     377034 11.67941  + 01.06878  04.10379  00526.35  18.85143  0242.24  0190.33  *C:\Capturas\Capturas_20170420\GSC 3810-1553\New\GSC 3810-1553-20170420_2137_000010315.FIT
0067  20170420.90243    1756588     388669 11.64559  + 01.06993  04.24489  00525.85  18.85180  0242.46  0189.95  *C:\Capturas\Capturas_20170420\GSC 3810-1553\New\GSC 3810-1553-20170420_2138_000010316.FIT
0068  20170420.90329    1752780     395501 11.62421  + 01.07105  04.31699  00524.77  18.85168  0241.44  0189.50  *C:\Capturas\Capturas_20170420\GSC 3810-1553\New\GSC 3810-1553-20170420_2140_000010317.FIT
0069  20170420.90417    1744172     410093 11.57931  + 01.07221  03.92378  00516.75  18.86311  0241.15  0189.14  *C:\Capturas\Capturas_20170420\GSC 3810-1553\New\GSC 3810-1553-20170420_2141_000010318.FIT
0070  20170420.90503    1748025     421246 11.55245  + 01.07336  04.05308  00516.63  18.86578  0240.39  0188.70  *C:\Capturas\Capturas_20170420\GSC 3810-1553\New\GSC 3810-1553-20170420_2142_000010319.FIT
0071  20170420.90590    1757121     432124 11.53029  + 01.07454  04.27298  00514.64  18.87563  0242.13  0188.24  *C:\Capturas\Capturas_20170420\GSC 3810-1553\New\GSC 3810-1553-20170420_2143_000010320.FIT
0072  20170420.90678    1760294     448203 11.49241  + 01.07574  04.11119  00516.38  18.87393  0240.71  0187.77  *C:\Capturas\Capturas_20170420\GSC 3810-1553\New\GSC 3810-1553-20170420_2145_000010321.FIT
0073  20170420.90765    1758492     468299 11.44344  + 01.07695  04.35019  00512.30  18.88147  0240.55  0187.54  *C:\Capturas\Capturas_20170420\GSC 3810-1553\New\GSC 3810-1553-20170420_2146_000010322.FIT
0074  20170420.90852    1764842     475597 11.43050  + 01.07818  04.37153  00515.25  18.87913  0240.43  0187.18  *C:\Capturas\Capturas_20170420\GSC 3810-1553\New\GSC 3810-1553-20170420_2147_000010323.FIT
0075  20170420.90940    1756488     487359 11.39867  + 01.07944  04.08305  00510.13  18.88486  0238.85  0186.83  *C:\Capturas\Capturas_20170420\GSC 3810-1553\New\GSC 3810-1553-20170420_2148_000010324.FIT
0076  20170420.91029    1755330     488315 11.39581  + 01.08072  04.05720  00511.23  18.88180  0238.97  0185.79  *C:\Capturas\Capturas_20170420\GSC 3810-1553\New\GSC 3810-1553-20170420_2150_000010325.FIT
0077  20170420.91119    1755228     488147 11.39613  + 01.08204  04.15046  00512.78  18.87841  0239.74  0185.75  *C:\Capturas\Capturas_20170420\GSC 3810-1553\New\GSC 3810-1553-20170420_2151_000010326.FIT
0078  20170420.91211    1767879     484175 11.41287  + 01.08341  04.25390  00512.15  18.88760  0240.54  0185.00  *C:\Capturas\Capturas_20170420\GSC 3810-1553\New\GSC 3810-1553-20170420_2152_000010327.FIT
0079  20170420.91301    1746938     480635 11.40788  + 01.08476  04.22255  00517.08  18.86414  0238.68  0184.99  *C:\Capturas\Capturas_20170420\GSC 3810-1553\New\GSC 3810-1553-20170420_2154_000010328.FIT
0080  20170420.91389    1756156     469050 11.44024  + 01.08610  04.32176  00520.67  18.86235  0239.07  0184.49  *C:\Capturas\Capturas_20170420\GSC 3810-1553\New\GSC 3810-1553-20170420_2155_000010329.FIT
0081  20170420.91478    1756748     462303 11.45641  + 01.08747  04.48267  00512.90  18.87911  0238.52  0183.79  *C:\Capturas\Capturas_20170420\GSC 3810-1553\New\GSC 3810-1553-20170420_2156_000010330.FIT
0082  20170420.91566    1757412     458431 11.46600  + 01.08885  04.28211  00516.44  18.87201  0237.03  0183.52  *C:\Capturas\Capturas_20170420\GSC 3810-1553\New\GSC 3810-1553-20170420_2157_000010331.FIT
0083  20170420.91657    1758741     450219 11.48655  + 01.09028  04.10440  00517.78  18.87002  0238.81  0183.07  *C:\Capturas\Capturas_20170420\GSC 3810-1553\New\GSC 3810-1553-20170420_2159_000010332.FIT
0084  20170420.91748    1752000     444724 11.49575  + 01.09174  04.42870  00516.91  18.86766  0238.30  0182.58  *C:\Capturas\Capturas_20170420\GSC 3810-1553\New\GSC 3810-1553-20170420_2200_000010333.FIT
0085  20170420.91837    1750383     432694 11.52466  + 01.09318  04.80689  00516.60  18.86730  0238.96  0181.89  *C:\Capturas\Capturas_20170420\GSC 3810-1553\New\GSC 3810-1553-20170420_2201_000010334.FIT
0086  20170420.91925    1760638     426927 11.54567  + 01.09463  04.48249  00516.16  18.87461  0238.61  0181.39  *C:\Capturas\Capturas_20170420\GSC 3810-1553\New\GSC 3810-1553-20170420_2203_000010335.FIT
0087  20170420.92015    1750087     421740 11.55245  + 01.09612  04.79567  00512.98  18.87480  0238.13  0180.85  *C:\Capturas\Capturas_20170420\GSC 3810-1553\New\GSC 3810-1553-20170420_2204_000010336.FIT
0088  20170420.92106    1752559     419051 11.56097  + 01.09765  04.33259  00519.31  18.86296  0237.56  0180.32  *C:\Capturas\Capturas_20170420\GSC 3810-1553\New\GSC 3810-1553-20170420_2205_000010337.FIT
