09 37 24.0
+55 08 49
CAL-1


 NUM       FECHA MPC    COMPARA                VAR1
----  --------------  ---------  ------------------
0000  20170420.84289     298874     477041  9.48989  + 01.02724  03.94285  00975.69  16.24528  0463.85  0477.01  *C:\Capturas\Capturas_20170420\GSC 3810-1553\New\GSC 3810-1553-20170420_2013_000010249.FIT
0001  20170420.84378     295835     471172  9.49225  + 01.02740  04.24048  00891.47  16.33261  0464.61  0475.24  *C:\Capturas\Capturas_20170420\GSC 3810-1553\New\GSC 3810-1553-20170420_2014_000010250.FIT
0002  20170420.84466     297895     464875  9.51450  + 01.02758  04.14506  00831.60  16.41602  0465.25  0474.71  *C:\Capturas\Capturas_20170420\GSC 3810-1553\New\GSC 3810-1553-20170420_2015_000010251.FIT
0003  20170420.84554     298223     460966  9.52491  + 01.02776  04.13470  00775.33  16.49365  0467.73  0473.15  *C:\Capturas\Capturas_20170420\GSC 3810-1553\New\GSC 3810-1553-20170420_2016_000010252.FIT
0004  20170420.84641     300310     448923  9.56140  + 01.02796  04.28612  00740.45  16.55148  0467.45  0471.94  *C:\Capturas\Capturas_20170420\GSC 3810-1553\New\GSC 3810-1553-20170420_2018_000010253.FIT
0005  20170420.84733     300269     445044  9.57072  + 01.02818  04.03792  00691.16  16.62649  0467.69  0470.78  *C:\Capturas\Capturas_20170420\GSC 3810-1553\New\GSC 3810-1553-20170420_2019_000010254.FIT
0006  20170420.84822     296993     436353  9.58027  + 01.02841  04.30087  00662.16  16.66128  0467.26  0469.43  *C:\Capturas\Capturas_20170420\GSC 3810-1553\New\GSC 3810-1553-20170420_2020_000010255.FIT
0007  20170420.84912     299518     434148  9.59503  + 01.02866  03.96486  00638.27  16.71060  0467.14  0468.22  *C:\Capturas\Capturas_20170420\GSC 3810-1553\New\GSC 3810-1553-20170420_2022_000010256.FIT
0008  20170420.85002     299005     422593  9.62259  + 01.02892  04.31588  00616.82  16.74603  0469.38  0466.87  *C:\Capturas\Capturas_20170420\GSC 3810-1553\New\GSC 3810-1553-20170420_2023_000010257.FIT
0009  20170420.85091     296635     418331  9.62496  + 01.02919  04.44213  00599.25  16.76888  0469.85  0464.52  *C:\Capturas\Capturas_20170420\GSC 3810-1553\New\GSC 3810-1553-20170420_2024_000010258.FIT
0010  20170420.85181     296794     415505  9.63294  + 01.02948  04.50793  00586.08  16.79371  0470.13  0462.06  *C:\Capturas\Capturas_20170420\GSC 3810-1553\New\GSC 3810-1553-20170420_2026_000010259.FIT
0011  20170420.85272     296371     410944  9.64343  + 01.02979  04.13516  00565.19  16.83173  0469.71  0461.28  *C:\Capturas\Capturas_20170420\GSC 3810-1553\New\GSC 3810-1553-20170420_2027_000010260.FIT
0012  20170420.85359     296946     399753  9.67566  + 01.03009  04.28905  00561.31  16.84137  0469.78  0460.20  *C:\Capturas\Capturas_20170420\GSC 3810-1553\New\GSC 3810-1553-20170420_2028_000010261.FIT
0013  20170420.85446     300981     400646  9.68796  + 01.03042  04.32136  00550.69  16.87693  0469.13  0458.75  *C:\Capturas\Capturas_20170420\GSC 3810-1553\New\GSC 3810-1553-20170420_2029_000010262.FIT
0014  20170420.85532     296656     391814  9.69648  + 01.03075  04.32500  00548.67  16.86514  0469.27  0457.89  *C:\Capturas\Capturas_20170420\GSC 3810-1553\New\GSC 3810-1553-20170420_2031_000010263.FIT
0015  20170420.85620     298498     394388  9.69609  + 01.03110  04.44911  00544.64  16.87996  0471.54  0456.75  *C:\Capturas\Capturas_20170420\GSC 3810-1553\New\GSC 3810-1553-20170420_2032_000010264.FIT
0016  20170420.85707     299011     388460  9.71449  + 01.03146  04.58816  00536.53  16.89818  0470.10  0456.02  *C:\Capturas\Capturas_20170420\GSC 3810-1553\New\GSC 3810-1553-20170420_2033_000010265.FIT
0017  20170420.85799     298278     385703  9.71958  + 01.03186  04.39490  00532.59  16.90355  0471.36  0454.97  *C:\Capturas\Capturas_20170420\GSC 3810-1553\New\GSC 3810-1553-20170420_2034_000010266.FIT
0018  20170420.85887     298139     382618  9.72783  + 01.03226  04.31063  00566.49  16.83571  0470.69  0454.00  *C:\Capturas\Capturas_20170420\GSC 3810-1553\New\GSC 3810-1553-20170420_2036_000010267.FIT
0019  20170420.85977     300206     381151  9.73956  + 01.03268  04.38874  00570.09  16.83635  0470.17  0453.30  *C:\Capturas\Capturas_20170420\GSC 3810-1553\New\GSC 3810-1553-20170420_2037_000010268.FIT
0020  20170420.86067     297775     377969  9.73984  + 01.03311  04.51626  00526.00  16.91530  0470.60  0452.39  *C:\Capturas\Capturas_20170420\GSC 3810-1553\New\GSC 3810-1553-20170420_2038_000010269.FIT
0021  20170420.86154     299657     375466  9.75396  + 01.03354  04.33290  00519.85  16.93499  0471.16  0451.71  *C:\Capturas\Capturas_20170420\GSC 3810-1553\New\GSC 3810-1553-20170420_2040_000010270.FIT
0022  20170420.86247     299571     373877  9.75827  + 01.03402  04.47092  00517.62  16.93937  0471.57  0450.75  *C:\Capturas\Capturas_20170420\GSC 3810-1553\New\GSC 3810-1553-20170420_2041_000010271.FIT
0023  20170420.86337     297658     371086  9.75946  + 01.03450  04.54803  00516.45  16.93485  0470.66  0449.71  *C:\Capturas\Capturas_20170420\GSC 3810-1553\New\GSC 3810-1553-20170420_2042_000010272.FIT
0024  20170420.86425     296491     365007  9.77319  + 01.03498  04.41677  00577.85  16.80801  0471.86  0449.39  *C:\Capturas\Capturas_20170420\GSC 3810-1553\New\GSC 3810-1553-20170420_2043_000010273.FIT
0025  20170420.86515     295119     364639  9.76923  + 01.03549  04.35387  00594.32  16.77229  0470.13  0448.62  *C:\Capturas\Capturas_20170420\GSC 3810-1553\New\GSC 3810-1553-20170420_2045_000010274.FIT
0026  20170420.86605     296319     363514  9.77703  + 01.03601  04.66662  00555.21  16.85098  0469.19  0447.96  *C:\Capturas\Capturas_20170420\GSC 3810-1553\New\GSC 3810-1553-20170420_2046_000010275.FIT
0027  20170420.86692     295403     361453  9.77986  + 01.03653  04.50654  00540.56  16.87678  0470.72  0447.38  *C:\Capturas\Capturas_20170420\GSC 3810-1553\New\GSC 3810-1553-20170420_2047_000010276.FIT
0028  20170420.86779     295938     361050  9.78305  + 01.03706  04.34119  00525.72  16.90913  0470.54  0446.35  *C:\Capturas\Capturas_20170420\GSC 3810-1553\New\GSC 3810-1553-20170420_2049_000010277.FIT
0029  20170420.86867     298807     358945  9.79995  + 01.03761  04.31344  00517.24  16.93739  0470.76  0446.12  *C:\Capturas\Capturas_20170420\GSC 3810-1553\New\GSC 3810-1553-20170420_2050_000010278.FIT
0030  20170420.86957     296373     355742  9.80081  + 01.03819  04.12223  00523.05  16.91628  0469.85  0445.01  *C:\Capturas\Capturas_20170420\GSC 3810-1553\New\GSC 3810-1553-20170420_2051_000010279.FIT
0031  20170420.87044     299003     354803  9.81333  + 01.03877  04.33643  00562.77  16.84606  0469.93  0444.65  *C:\Capturas\Capturas_20170420\GSC 3810-1553\New\GSC 3810-1553-20170420_2052_000010280.FIT
0032  20170420.87134     300089     355207  9.81604  + 01.03938  04.45364  00534.36  16.90652  0468.44  0444.43  *C:\Capturas\Capturas_20170420\GSC 3810-1553\New\GSC 3810-1553-20170420_2054_000010281.FIT
0033  20170420.87221     294075     353865  9.79809  + 01.03998  04.52001  00515.48  16.92368  0468.65  0443.23  *C:\Capturas\Capturas_20170420\GSC 3810-1553\New\GSC 3810-1553-20170420_2055_000010282.FIT
0034  20170420.87308     296415     354848  9.80371  + 01.04060  04.88363  00511.35  16.94111  0469.93  0443.01  *C:\Capturas\Capturas_20170420\GSC 3810-1553\New\GSC 3810-1553-20170420_2056_000010283.FIT
0035  20170420.87399     295775     351075  9.81301  + 01.04126  04.36603  00518.81  16.92296  0468.35  0442.04  *C:\Capturas\Capturas_20170420\GSC 3810-1553\New\GSC 3810-1553-20170420_2057_000010284.FIT
0036  20170420.87487     297044     350842  9.81841  + 01.04191  04.44516  00510.28  16.94570  0469.37  0441.72  *C:\Capturas\Capturas_20170420\GSC 3810-1553\New\GSC 3810-1553-20170420_2059_000010285.FIT
0037  20170420.87576     296177     346816  9.82781  + 01.04259  04.22436  00511.03  16.94092  0468.77  0440.89  *C:\Capturas\Capturas_20170420\GSC 3810-1553\New\GSC 3810-1553-20170420_2100_000010286.FIT
0038  20170420.87669     298554     346481  9.83758  + 01.04331  04.43841  00511.68  16.94824  0470.00  0440.32  *C:\Capturas\Capturas_20170420\GSC 3810-1553\New\GSC 3810-1553-20170420_2101_000010287.FIT
0039  20170420.87756     299391     348064  9.83566  + 01.04400  04.26391  00571.46  16.83076  0467.81  0439.73  *C:\Capturas\Capturas_20170420\GSC 3810-1553\New\GSC 3810-1553-20170420_2103_000010288.FIT
0040  20170420.87843     294581     345214  9.82696  + 01.04471  04.38242  00636.08  16.69622  0467.29  0439.95  *C:\Capturas\Capturas_20170420\GSC 3810-1553\New\GSC 3810-1553-20170420_2104_000010289.FIT
0041  20170420.87932     298211     344990  9.84103  + 01.04544  04.40284  00547.33  16.87353  0468.40  0438.83  *C:\Capturas\Capturas_20170420\GSC 3810-1553\New\GSC 3810-1553-20170420_2105_000010290.FIT
0042  20170420.88022     297992     341882  9.85010  + 01.04620  04.22754  00518.05  16.93269  0468.78  0438.14  *C:\Capturas\Capturas_20170420\GSC 3810-1553\New\GSC 3810-1553-20170420_2106_000010291.FIT
0043  20170420.88113     298224     340883  9.85415  + 01.04698  04.34980  00514.52  16.94102  0469.08  0437.70  *C:\Capturas\Capturas_20170420\GSC 3810-1553\New\GSC 3810-1553-20170420_2108_000010292.FIT
0044  20170420.88200     297161     341384  9.84865  + 01.04775  04.34807  00514.61  16.93692  0467.72  0437.19  *C:\Capturas\Capturas_20170420\GSC 3810-1553\New\GSC 3810-1553-20170420_2109_000010293.FIT
0045  20170420.88287     298261     339998  9.85712  + 01.04853  04.38832  00509.56  16.95171  0467.55  0436.68  *C:\Capturas\Capturas_20170420\GSC 3810-1553\New\GSC 3810-1553-20170420_2110_000010294.FIT
0046  20170420.88377     298092     337036  9.86605  + 01.04935  04.14177  00512.87  16.94402  0468.05  0436.26  *C:\Capturas\Capturas_20170420\GSC 3810-1553\New\GSC 3810-1553-20170420_2112_000010295.FIT
0047  20170420.88468     298816     337087  9.86853  + 01.05019  04.11694  00512.81  16.94680  0468.06  0435.82  *C:\Capturas\Capturas_20170420\GSC 3810-1553\New\GSC 3810-1553-20170420_2113_000010296.FIT
0048  20170420.88554     297183     338424  9.85823  + 01.05101  04.47284  00513.27  16.93984  0468.10  0435.42  *C:\Capturas\Capturas_20170420\GSC 3810-1553\New\GSC 3810-1553-20170420_2114_000010297.FIT
0049  20170420.88642     296268     338269  9.85537  + 01.05185  04.54854  00518.60  16.92521  0466.41  0434.75  *C:\Capturas\Capturas_20170420\GSC 3810-1553\New\GSC 3810-1553-20170420_2115_000010298.FIT
0050  20170420.88734     300000     338481  9.86834  + 01.05275  04.39334  00517.93  16.94027  0467.49  0434.28  *C:\Capturas\Capturas_20170420\GSC 3810-1553\New\GSC 3810-1553-20170420_2117_000010299.FIT
0051  20170420.88821     296720     337515  9.85946  + 01.05362  04.33763  00517.91  16.92833  0466.09  0433.54  *C:\Capturas\Capturas_20170420\GSC 3810-1553\New\GSC 3810-1553-20170420_2118_000010300.FIT
0052  20170420.88911     298706     338521  9.86349  + 01.05454  04.49356  00520.21  16.93077  0467.69  0433.29  *C:\Capturas\Capturas_20170420\GSC 3810-1553\New\GSC 3810-1553-20170420_2119_000010301.FIT
0053  20170420.88998     297458     339776  9.85489  + 01.05543  04.36127  00525.26  16.91566  0467.30  0432.57  *C:\Capturas\Capturas_20170420\GSC 3810-1553\New\GSC 3810-1553-20170420_2120_000010302.FIT
0054  20170420.89089     297046     339445  9.85444  + 01.05639  04.34219  00529.73  16.90491  0466.68  0432.08  *C:\Capturas\Capturas_20170420\GSC 3810-1553\New\GSC 3810-1553-20170420_2122_000010303.FIT
0055  20170420.89181     297249     338746  9.85743  + 01.05737  04.31762  00517.40  16.93134  0466.85  0431.76  *C:\Capturas\Capturas_20170420\GSC 3810-1553\New\GSC 3810-1553-20170420_2123_000010304.FIT
0056  20170420.89267     301969     340193  9.86997  + 01.05830  04.26970  00515.04  16.95351  0465.10  0431.07  *C:\Capturas\Capturas_20170420\GSC 3810-1553\New\GSC 3810-1553-20170420_2124_000010305.FIT
0057  20170420.89355     298441     339614  9.85901  + 01.05927  04.37641  00504.02  16.96429  0466.54  0430.53  *C:\Capturas\Capturas_20170420\GSC 3810-1553\New\GSC 3810-1553-20170420_2126_000010306.FIT
0058  20170420.89447     297774     341848  9.84941  + 01.06031  04.38848  00505.27  16.95915  0466.16  0430.14  *C:\Capturas\Capturas_20170420\GSC 3810-1553\New\GSC 3810-1553-20170420_2127_000010307.FIT
0059  20170420.89537     297621     342636  9.84634  + 01.06133  04.35705  00511.04  16.94620  0467.12  0429.58  *C:\Capturas\Capturas_20170420\GSC 3810-1553\New\GSC 3810-1553-20170420_2128_000010308.FIT
0060  20170420.89624     298373     347024  9.83521  + 01.06234  04.29867  00512.19  16.94651  0466.15  0429.31  *C:\Capturas\Capturas_20170420\GSC 3810-1553\New\GSC 3810-1553-20170420_2130_000010309.FIT
0061  20170420.89712     293121     351690  9.80127  + 01.06337  04.23131  00513.63  16.92407  0465.72  0429.04  *C:\Capturas\Capturas_20170420\GSC 3810-1553\New\GSC 3810-1553-20170420_2131_000010310.FIT
0062  20170420.89802     297720     346575  9.83424  + 01.06444  04.70935  00513.32  16.94171  0465.76  0428.34  *C:\Capturas\Capturas_20170420\GSC 3810-1553\New\GSC 3810-1553-20170420_2132_000010311.FIT
0063  20170420.89889     294128     357330  9.78765  + 01.06549  04.43435  00507.21  16.94152  0463.86  0428.00  *C:\Capturas\Capturas_20170420\GSC 3810-1553\New\GSC 3810-1553-20170420_2133_000010312.FIT
0064  20170420.89977     297647     362780  9.78411  + 01.06657  04.28849  00505.46  16.95827  0465.27  0427.76  *C:\Capturas\Capturas_20170420\GSC 3810-1553\New\GSC 3810-1553-20170420_2135_000010313.FIT
0065  20170420.90066     298893     369345  9.76911  + 01.06768  04.27538  00510.76  16.95145  0465.10  0427.27  *C:\Capturas\Capturas_20170420\GSC 3810-1553\New\GSC 3810-1553-20170420_2136_000010314.FIT
0066  20170420.90153     295285     377034  9.73338  + 01.06878  04.39360  00510.56  16.93863  0464.26  0426.75  *C:\Capturas\Capturas_20170420\GSC 3810-1553\New\GSC 3810-1553-20170420_2137_000010315.FIT
0067  20170420.90243     297150     388669  9.70709  + 01.06993  04.47097  00507.82  16.95137  0464.44  0426.38  *C:\Capturas\Capturas_20170420\GSC 3810-1553\New\GSC 3810-1553-20170420_2138_000010316.FIT
0068  20170420.90329     295768     395501  9.68299  + 01.07105  04.41172  00504.89  16.95259  0463.40  0425.87  *C:\Capturas\Capturas_20170420\GSC 3810-1553\New\GSC 3810-1553-20170420_2140_000010317.FIT
0069  20170420.90417     295238     410093  9.64151  + 01.07221  04.42822  00497.50  16.96672  0463.16  0425.54  *C:\Capturas\Capturas_20170420\GSC 3810-1553\New\GSC 3810-1553-20170420_2141_000010318.FIT
0070  20170420.90503     295605     421246  9.61359  + 01.07336  04.39670  00499.76  16.96314  0462.38  0425.02  *C:\Capturas\Capturas_20170420\GSC 3810-1553\New\GSC 3810-1553-20170420_2142_000010319.FIT
0071  20170420.90590     298408     432124  9.59608  + 01.07454  04.55769  00495.58  16.98260  0464.14  0424.64  *C:\Capturas\Capturas_20170420\GSC 3810-1553\New\GSC 3810-1553-20170420_2143_000010320.FIT
0072  20170420.90678     296824     448203  9.55041  + 01.07574  04.31516  00502.05  16.96264  0462.73  0424.13  *C:\Capturas\Capturas_20170420\GSC 3810-1553\New\GSC 3810-1553-20170420_2145_000010321.FIT
0073  20170420.90765     293824     468299  9.49148  + 01.07695  04.43168  00499.14  16.95791  0462.59  0423.98  *C:\Capturas\Capturas_20170420\GSC 3810-1553\New\GSC 3810-1553-20170420_2146_000010322.FIT
0074  20170420.90852     294913     475597  9.47865  + 01.07818  04.47661  00494.12  16.97297  0462.42  0423.56  *C:\Capturas\Capturas_20170420\GSC 3810-1553\New\GSC 3810-1553-20170420_2147_000010323.FIT
0075  20170420.90940     296432     487359  9.45760  + 01.07944  04.44733  00494.46  16.97782  0460.85  0423.21  *C:\Capturas\Capturas_20170420\GSC 3810-1553\New\GSC 3810-1553-20170420_2148_000010324.FIT
0076  20170420.91029     296814     488315  9.45687  + 01.08072  04.60838  00495.64  16.97661  0460.99  0422.17  *C:\Capturas\Capturas_20170420\GSC 3810-1553\New\GSC 3810-1553-20170420_2150_000010325.FIT
0077  20170420.91119     297679     488147  9.46042  + 01.08204  04.36344  00497.01  16.97680  0461.71  0422.15  *C:\Capturas\Capturas_20170420\GSC 3810-1553\New\GSC 3810-1553-20170420_2151_000010326.FIT
0078  20170420.91211     294213     484175  9.45655  + 01.08341  04.52583  00497.51  16.96292  0462.54  0421.36  *C:\Capturas\Capturas_20170420\GSC 3810-1553\New\GSC 3810-1553-20170420_2152_000010327.FIT
0079  20170420.91301     293791     480635  9.46299  + 01.08476  04.58038  00497.47  16.96143  0460.71  0421.37  *C:\Capturas\Capturas_20170420\GSC 3810-1553\New\GSC 3810-1553-20170420_2154_000010328.FIT
0080  20170420.91389     295877     469050  9.49733  + 01.08610  04.85625  00500.94  16.96156  0461.09  0420.88  *C:\Capturas\Capturas_20170420\GSC 3810-1553\New\GSC 3810-1553-20170420_2155_000010329.FIT
0081  20170420.91478     293777     462303  9.50536  + 01.08747  04.61811  00497.57  16.96115  0460.47  0420.12  *C:\Capturas\Capturas_20170420\GSC 3810-1553\New\GSC 3810-1553-20170420_2156_000010330.FIT
0082  20170420.91566     297098     458431  9.52680  + 01.08885  04.83140  00500.72  16.96655  0459.04  0419.91  *C:\Capturas\Capturas_20170420\GSC 3810-1553\New\GSC 3810-1553-20170420_2157_000010331.FIT
0083  20170420.91657     293150     450219  9.53193  + 01.09028  04.54461  00497.44  16.95912  0460.79  0419.48  *C:\Capturas\Capturas_20170420\GSC 3810-1553\New\GSC 3810-1553-20170420_2159_000010332.FIT
0084  20170420.91748     294632     444724  9.55083  + 01.09174  04.65776  00498.12  16.96313  0460.28  0418.89  *C:\Capturas\Capturas_20170420\GSC 3810-1553\New\GSC 3810-1553-20170420_2200_000010333.FIT
0085  20170420.91837     295094     432694  9.58245  + 01.09318  04.99555  00491.78  16.97881  0460.94  0418.24  *C:\Capturas\Capturas_20170420\GSC 3810-1553\New\GSC 3810-1553-20170420_2201_000010334.FIT
0086  20170420.91925     292984     426927  9.58926  + 01.09463  04.61354  00497.13  16.95918  0460.62  0417.83  *C:\Capturas\Capturas_20170420\GSC 3810-1553\New\GSC 3810-1553-20170420_2203_000010335.FIT
0087  20170420.92015     294213     421740  9.60717  + 01.09612  04.92646  00493.63  16.97145  0460.10  0417.19  *C:\Capturas\Capturas_20170420\GSC 3810-1553\New\GSC 3810-1553-20170420_2204_000010336.FIT
0088  20170420.92106     294703     419051  9.61596  + 01.09765  04.62803  00505.20  16.94798  0459.57  0416.70  *C:\Capturas\Capturas_20170420\GSC 3810-1553\New\GSC 3810-1553-20170420_2205_000010337.FIT
