11 49 37.0
+54 37 35
12.766 CV


 NUM       FECHA MPC    COMPARA            V398 UMA
----  --------------  ---------  ------------------
0000  20170519.86567     792077    2818223  8.61537  + 01.02789  09.68203  03398.36  15.94715  0707.72  0272.69  *C:\Capturas\Capturas_20170519\GSC 3832-0152\New\GSC 3832-0152-20170519_2045_000010541.FIT
0001  20170519.86729     807927    2760644  8.65950  + 01.02850  09.68245  02770.60  16.19157  0706.59  0272.09  *C:\Capturas\Capturas_20170519\GSC 3832-0152\New\GSC 3832-0152-20170519_2047_000010542.FIT
0002  20170519.86887     803458    2712976  8.67245  + 01.02914  09.75901  02314.67  16.38167  0706.05  0271.08  *C:\Capturas\Capturas_20170519\GSC 3832-0152\New\GSC 3832-0152-20170519_2050_000010543.FIT
0003  20170519.87044     805291    2699143  8.68051  + 01.02982  09.65607  01989.46  16.54933  0706.03  0269.80  *C:\Capturas\Capturas_20170519\GSC 3832-0152\New\GSC 3832-0152-20170519_2052_000010544.FIT
0004  20170519.87200     800648    2650283  8.69414  + 01.03054  09.73586  01713.25  16.70609  0706.04  0267.08  *C:\Capturas\Capturas_20170519\GSC 3832-0152\New\GSC 3832-0152-20170519_2054_000010545.FIT
0005  20170519.87358     806276    2626307  8.71169  + 01.03131  09.50535  01512.00  16.85005  0706.57  0265.97  *C:\Capturas\Capturas_20170519\GSC 3832-0152\New\GSC 3832-0152-20170519_2056_000010546.FIT
0006  20170519.87517     800002    2588646  8.71893  + 01.03213  09.53784  01362.66  16.95498  0706.02  0264.56  *C:\Capturas\Capturas_20170519\GSC 3832-0152\New\GSC 3832-0152-20170519_2059_000010547.FIT
0007  20170519.89404     787656    2321223  8.82092  + 01.04551  09.80957  00965.14  17.31430  0715.30  0261.63  *C:\Capturas\Capturas_20170519\GSC 3832-0152\New\GSC 3832-0152-20170519_2126_000010548.FIT
0008  20170519.89565     795314    2321866  8.83117  + 01.04697  09.56191  00966.90  17.32287  0717.24  0257.06  *C:\Capturas\Capturas_20170519\GSC 3832-0152\New\GSC 3832-0152-20170519_2128_000010549.FIT
0009  20170519.89721     806933    2319336  8.84818  + 01.04842  09.30564  00963.67  17.34235  0718.02  0253.75  *C:\Capturas\Capturas_20170519\GSC 3832-0152\New\GSC 3832-0152-20170519_2130_000010550.FIT
0010  20170519.89877     792861    2251802  8.86123  + 01.04993  09.69348  00957.14  17.33058  0718.73  0250.13  *C:\Capturas\Capturas_20170519\GSC 3832-0152\New\GSC 3832-0152-20170519_2133_000010551.FIT
0011  20170519.90035     791257    2243984  8.86281  + 01.05150  09.80127  00973.40  17.30999  0720.81  0246.72  *C:\Capturas\Capturas_20170519\GSC 3832-0152\New\GSC 3832-0152-20170519_2135_000010552.FIT
0012  20170519.90191     788201    2214421  8.87306  + 01.05310  09.68601  00977.01  17.30173  0721.68  0244.45  *C:\Capturas\Capturas_20170519\GSC 3832-0152\New\GSC 3832-0152-20170519_2137_000010553.FIT
0013  20170519.90350     783134    2195078  8.87559  + 01.05478  09.75952  00973.63  17.29847  0722.42  0242.16  *C:\Capturas\Capturas_20170519\GSC 3832-0152\New\GSC 3832-0152-20170519_2139_000010554.FIT
0014  20170519.90509     782226    2177682  8.88301  + 01.05651  09.87427  00969.51  17.30184  0722.70  0240.47  *C:\Capturas\Capturas_20170519\GSC 3832-0152\New\GSC 3832-0152-20170519_2142_000010555.FIT
0015  20170519.90668     783908    2163461  8.89250  + 01.05830  10.03720  00974.40  17.29869  0723.81  0239.03  *C:\Capturas\Capturas_20170519\GSC 3832-0152\New\GSC 3832-0152-20170519_2144_000010556.FIT
0016  20170519.90828     779791    2125019  8.90631  + 01.06014  09.88696  00975.47  17.29175  0723.38  0237.57  *C:\Capturas\Capturas_20170519\GSC 3832-0152\New\GSC 3832-0152-20170519_2146_000010557.FIT
0017  20170519.90987     760014    2103012  8.88965  + 01.06203  10.27836  00992.55  17.24478  0723.13  0236.34  *C:\Capturas\Capturas_20170519\GSC 3832-0152\New\GSC 3832-0152-20170519_2149_000010558.FIT
0018  20170519.91147     770392    2107388  8.90217  + 01.06397  10.06493  00994.90  17.25700  0723.40  0235.56  *C:\Capturas\Capturas_20170519\GSC 3832-0152\New\GSC 3832-0152-20170519_2151_000010559.FIT
0019  20170519.91307     760542    2085735  8.89940  + 01.06597  10.30246  01002.49  17.23467  0723.34  0233.92  *C:\Capturas\Capturas_20170519\GSC 3832-0152\New\GSC 3832-0152-20170519_2153_000010560.FIT
0020  20170519.91466     759752    2087800  8.89719  + 01.06802  10.17450  01001.78  17.23430  0722.93  0232.17  *C:\Capturas\Capturas_20170519\GSC 3832-0152\New\GSC 3832-0152-20170519_2156_000010561.FIT
0021  20170519.91623     765460    2118652  8.88935  + 01.07008  10.07819  00998.76  17.24577  0722.44  0231.27  *C:\Capturas\Capturas_20170519\GSC 3832-0152\New\GSC 3832-0152-20170519_2158_000010562.FIT
0022  20170519.91782     765564    2127231  8.88509  + 01.07223  10.41472  00996.72  17.24815  0723.24  0230.12  *C:\Capturas\Capturas_20170519\GSC 3832-0152\New\GSC 3832-0152-20170519_2200_000010563.FIT
0023  20170519.91939     761985    2113865  8.88686  + 01.07440  10.32177  00999.09  17.24044  0723.44  0228.06  *C:\Capturas\Capturas_20170519\GSC 3832-0152\New\GSC 3832-0152-20170519_2202_000010564.FIT
0024  20170519.92097     768684    2150392  8.87771  + 01.07664  10.17159  00992.69  17.25700  0722.95  0227.02  *C:\Capturas\Capturas_20170519\GSC 3832-0152\New\GSC 3832-0152-20170519_2205_000010565.FIT
0025  20170519.92255     762634    2175175  8.85659  + 01.07893  10.04582  00995.38  17.24543  0723.28  0226.46  *C:\Capturas\Capturas_20170519\GSC 3832-0152\New\GSC 3832-0152-20170519_2207_000010566.FIT
0026  20170519.92412     771828    2229207  8.84290  + 01.08126  09.76726  00998.59  17.25499  0723.45  0225.49  *C:\Capturas\Capturas_20170519\GSC 3832-0152\New\GSC 3832-0152-20170519_2209_000010567.FIT
0027  20170519.92573     777193    2286542  8.82275  + 01.08370  10.07409  01006.45  17.25400  0723.09  0225.08  *C:\Capturas\Capturas_20170519\GSC 3832-0152\New\GSC 3832-0152-20170519_2211_000010568.FIT
0028  20170519.92733     765072    2346776  8.77724  + 01.08619  10.01357  01010.09  17.23290  0722.05  0224.81  *C:\Capturas\Capturas_20170519\GSC 3832-0152\New\GSC 3832-0152-20170519_2214_000010569.FIT
0029  20170519.92892     768819    2425993  8.74635  + 01.08871  09.99660  01013.12  17.23497  0722.08  0224.90  *C:\Capturas\Capturas_20170519\GSC 3832-0152\New\GSC 3832-0152-20170519_2216_000010570.FIT
0030  20170519.93051     763046    2499040  8.70576  + 01.09130  09.99004  01018.48  17.22099  0722.03  0224.28  *C:\Capturas\Capturas_20170519\GSC 3832-0152\New\GSC 3832-0152-20170519_2218_000010571.FIT
0031  20170519.93211     774898    2646549  8.66001  + 01.09395  09.89229  01020.54  17.23560  0720.99  0221.17  *C:\Capturas\Capturas_20170519\GSC 3832-0152\New\GSC 3832-0152-20170519_2221_000010572.FIT
0032  20170519.93370     776101    2797559  8.60117  + 01.09665  09.93225  01025.68  17.23182  0721.44  0220.19  *C:\Capturas\Capturas_20170519\GSC 3832-0152\New\GSC 3832-0152-20170519_2223_000010573.FIT
0033  20170519.93528     774771    2946791  8.54260  + 01.09939  09.78216  01020.02  17.23598  0720.89  0219.64  *C:\Capturas\Capturas_20170519\GSC 3832-0152\New\GSC 3832-0152-20170519_2225_000010574.FIT
0034  20170519.93686     775415    3108063  8.48538  + 01.10218  09.87384  01021.28  17.23553  0721.05  0218.78  *C:\Capturas\Capturas_20170519\GSC 3832-0152\New\GSC 3832-0152-20170519_2228_000010575.FIT
0035  20170519.93847     779776    3237563  8.44696  + 01.10509  09.70319  01030.73  17.23160  0720.70  0217.15  *C:\Capturas\Capturas_20170519\GSC 3832-0152\New\GSC 3832-0152-20170519_2230_000010576.FIT
0036  20170519.94009     780209    3277602  8.43416  + 01.10807  09.78270  01027.95  17.23516  0721.04  0216.90  *C:\Capturas\Capturas_20170519\GSC 3832-0152\New\GSC 3832-0152-20170519_2232_000010577.FIT
0037  20170519.94169     772212    3208220  8.44626  + 01.11108  09.62741  01034.06  17.21746  0720.65  0215.90  *C:\Capturas\Capturas_20170519\GSC 3832-0152\New\GSC 3832-0152-20170519_2234_000010578.FIT
0038  20170519.94329     780850    3203014  8.46017  + 01.11415  09.74802  01024.05  17.24020  0719.19  0215.00  *C:\Capturas\Capturas_20170519\GSC 3832-0152\New\GSC 3832-0152-20170519_2237_000010579.FIT
0039  20170519.94485     793245    3177250  8.48616  + 01.11721  09.65600  01024.83  17.25655  0719.64  0214.67  *C:\Capturas\Capturas_20170519\GSC 3832-0152\New\GSC 3832-0152-20170519_2239_000010580.FIT
0040  20170519.94645     781267    3098501  8.49694  + 01.12040  09.55348  01014.52  17.25099  0719.39  0214.08  *C:\Capturas\Capturas_20170519\GSC 3832-0152\New\GSC 3832-0152-20170519_2241_000010581.FIT
0041  20170519.94806     781863    3027085  8.52321  + 01.12367  09.58486  01015.34  17.25093  0719.09  0212.28  *C:\Capturas\Capturas_20170519\GSC 3832-0152\New\GSC 3832-0152-20170519_2244_000010582.FIT
0042  20170519.94968     780780    2972514  8.54154  + 01.12704  09.54144  01019.07  17.24542  0717.88  0210.76  *C:\Capturas\Capturas_20170519\GSC 3832-0152\New\GSC 3832-0152-20170519_2246_000010583.FIT
0043  20170519.95126     788633    2940780  8.56417  + 01.13038  09.54627  01025.63  17.24934  0718.52  0210.38  *C:\Capturas\Capturas_20170519\GSC 3832-0152\New\GSC 3832-0152-20170519_2248_000010584.FIT
0044  20170519.95285     782145    2883687  8.57655  + 01.13380  09.54194  01038.88  17.22633  0717.69  0210.20  *C:\Capturas\Capturas_20170519\GSC 3832-0152\New\GSC 3832-0152-20170519_2251_000010585.FIT
0045  20170519.95444     788751    2828776  8.60670  + 01.13729  09.35664  01042.31  17.23190  0716.91  0209.52  *C:\Capturas\Capturas_20170519\GSC 3832-0152\New\GSC 3832-0152-20170519_2253_000010586.FIT
0046  20170519.95604     790526    2794751  8.62235  + 01.14087  09.50264  01054.87  17.22129  0716.38  0209.33  *C:\Capturas\Capturas_20170519\GSC 3832-0152\New\GSC 3832-0152-20170519_2255_000010587.FIT
0047  20170519.95763     790995    2770606  8.63246  + 01.14449  09.32458  01062.79  17.21378  0716.24  0208.57  *C:\Capturas\Capturas_20170519\GSC 3832-0152\New\GSC 3832-0152-20170519_2257_000010588.FIT
0048  20170519.95919     788594    2706848  8.65455  + 01.14811  09.29545  01053.06  17.22049  0715.86  0207.54  *C:\Capturas\Capturas_20170519\GSC 3832-0152\New\GSC 3832-0152-20170519_2300_000010589.FIT
0049  20170519.96079     787481    2678908  8.66433  + 01.15188  09.30638  01050.13  17.22200  0715.19  0206.36  *C:\Capturas\Capturas_20170519\GSC 3832-0152\New\GSC 3832-0152-20170519_2302_000010590.FIT
0050  20170519.96238     793168    2642320  8.68718  + 01.15570  09.53375  01054.76  17.22505  0715.41  0205.49  *C:\Capturas\Capturas_20170519\GSC 3832-0152\New\GSC 3832-0152-20170519_2304_000010591.FIT
0051  20170519.96398     786548    2616179  8.68888  + 01.15962  09.26883  01051.39  17.21939  0715.28  0204.24  *C:\Capturas\Capturas_20170519\GSC 3832-0152\New\GSC 3832-0152-20170519_2307_000010592.FIT
0052  20170519.96556     794934    2593535  8.70993  + 01.16355  09.22036  01049.09  17.23336  0714.78  0203.56  *C:\Capturas\Capturas_20170519\GSC 3832-0152\New\GSC 3832-0152-20170519_2309_000010593.FIT
0053  20170519.96716     793448    2559749  8.72220  + 01.16760  09.17396  01093.24  17.18634  0715.28  0203.12  *C:\Capturas\Capturas_20170519\GSC 3832-0152\New\GSC 3832-0152-20170519_2311_000010594.FIT
0054  20170519.96877     792273    2529980  8.73334  + 01.17176  09.21143  01065.10  17.21317  0714.97  0202.57  *C:\Capturas\Capturas_20170519\GSC 3832-0152\New\GSC 3832-0152-20170519_2313_000010595.FIT
0055  20170519.97036     788275    2489623  8.74537  + 01.17593  09.28241  01077.15  17.19538  0714.40  0200.85  *C:\Capturas\Capturas_20170519\GSC 3832-0152\New\GSC 3832-0152-20170519_2316_000010596.FIT
0056  20170519.97193     786609    2459946  8.75614  + 01.18012  09.45006  01071.79  17.19851  0714.67  0199.48  *C:\Capturas\Capturas_20170519\GSC 3832-0152\New\GSC 3832-0152-20170519_2318_000010597.FIT
