FOTOMETRÍA ABSOLUTA

ESTRELLAS DE CALIBRADO:
   C1: 12.771 CV

NSVS 7467387 
FECHA J HELIO         MAG      +/-
----------------------------------
2453708.9971	13.080	0.000
2453709.0053	13.070	0.000
2453709.0136	13.110	0.000
2453709.0219	13.150	0.000
2453726.9897	13.400	0.000
2453726.9966	13.390	0.000
2453727.0036	13.380	0.000
2453727.0106	13.360	0.000
2453537.6541	13.430	0.000
2453537.6598	13.440	0.000
2453495.6673	13.160	0.000
2453495.6738	13.140	0.000
2453495.6802	13.170	0.000
2453495.6867	13.180	0.000
2453678.9439	13.300	0.000
2453678.9494	13.320	0.000
2453678.9549	13.340	0.000
2453678.9604	13.350	0.000
2453852.6584	13.370	0.000
2453852.6661	13.380	0.000
2453852.6738	13.380	0.000
2453852.6815	13.380	0.000
2454083.0034	13.370	0.000
2454083.0089	13.350	0.000
2454083.0143	13.340	0.000
2454083.0199	13.310	0.000
2454094.8531	13.130	0.000
2454094.8636	13.180	0.000
2454094.8740	13.230	0.000
2454094.8845	13.280	0.000
2453770.7652	13.290	0.000
2453770.7732	13.290	0.000
2453770.7811	13.320	0.000
2453770.7889	13.330	0.000
2453793.6994	13.130	0.000
2453793.7037	13.150	0.000
2453793.7080	13.170	0.000
2453793.7124	13.130	0.000
2453737.8313	13.300	0.000
2453737.8388	13.320	0.000
2453737.8461	13.340	0.000
2453737.8536	13.360	0.000
2453740.8636	13.370	0.000
2453740.8718	13.360	0.000
2453740.8799	13.350	0.000
2453740.8880	13.310	0.000
2453756.7963	13.380	0.000
2453757.8090	13.310	0.000
2453757.8171	13.340	0.000
2453757.8253	13.350	0.000
2453757.8336	13.360	0.000
2453762.7692	13.390	0.000
2453762.7762	13.380	0.000
2453762.7833	13.360	0.000
2453762.7903	13.330	0.000
2453818.7172	13.170	0.000
2453818.7255	13.090	0.000
2453818.7337	13.070	0.000
2453818.7419	13.100	0.000
2454060.9985	13.180	0.000
2454061.0057	13.110	0.000
2454061.0128	13.220	0.000
2454061.0200	13.240	0.000
2454035.9797	13.270	0.000
2454035.9863	13.270	0.000
2454035.9929	13.290	0.000
2454035.9995	13.310	0.000
2454209.6695	13.250	0.000
2454209.6759	13.280	0.000
2454209.6824	13.320	0.000
2454209.6889	13.320	0.000
2454449.9508	13.140	0.000
2454449.9568	13.090	0.000
2454449.9627	13.150	0.000
2454449.9687	13.160	0.000
2454140.7552	13.130	0.000
2454140.7617	13.150	0.000
2454140.7681	13.160	0.000
2454140.7746	13.190	0.000
2454117.8099	13.150	0.000
2454117.8164	13.170	0.000
2454117.8229	13.200	0.000
2454117.8294	13.220	0.000
2454127.7188	13.390	0.000
2454127.7271	13.380	0.000
2454127.7354	13.370	0.000
2454127.7437	13.360	0.000
2454258.6484	13.410	0.000
2454258.6563	13.300	0.000
2454258.6642	13.200	0.000
2454258.6722	13.110	0.000
2454176.7825	13.360	0.000
2454176.7899	13.350	0.000
2454176.7973	13.340	0.000
2454176.8047	13.310	0.000
2454245.6532	13.410	0.000
2454245.6613	13.420	0.000
2454245.6694	13.390	0.000
2454245.6776	13.330	0.000
2454411.9379	13.150	0.000
2454411.9461	13.140	0.000
2454411.9542	13.150	0.000
2454411.9625	13.190	0.000
2454424.9512	13.260	0.000
2454424.9579	13.290	0.000
2454424.9646	13.330	0.000
2454424.9714	13.340	0.000
2454557.7331	13.230	0.000
2454557.7395	13.180	0.000
2454557.7460	13.170	0.000
2454557.7524	13.180	0.000
2454566.7109	13.220	0.000
2454566.7173	13.240	0.000
2454566.7238	13.260	0.000
2454566.7302	13.280	0.000
2454574.7643	13.290	0.000
2454574.7691	13.270	0.000
2454574.7739	13.280	0.000
2454574.7788	13.300	0.000
2454804.9273	13.110	0.000
2454804.9363	13.130	0.000
2454804.9453	13.200	0.000
2454804.9543	13.210	0.000
2454822.9022	13.350	0.000
2454822.9082	13.350	0.000
2454822.9143	13.370	0.000
2454822.9204	13.390	0.000
2454830.8710	13.170	0.000
2454830.8765	13.190	0.000
2454830.8820	13.210	0.000
2454830.8874	13.220	0.000
2454497.6802	13.160	0.000
2454497.6845	13.140	0.000
2454497.6889	13.190	0.000
2454497.6932	13.250	0.000
2454524.8397	13.290	0.000
2454524.8469	13.320	0.000
2454524.8541	13.360	0.000
2454524.8614	13.360	0.000
2454478.7782	13.290	0.000
2454478.7852	13.310	0.000
2454478.7922	13.330	0.000
2454478.7992	13.370	0.000
2454625.6559	13.370	0.000
2454625.6598	13.370	0.000
2454625.6636	13.390	0.000
2454625.6675	13.370	0.000
2454532.8663	13.160	0.000
2454538.7961	13.170	0.000
2454538.8037	13.130	0.000
2454538.8113	13.140	0.000
2454538.8190	13.150	0.000
2454549.7599	13.370	0.000
2454549.7677	13.380	0.000
2454549.7755	13.390	0.000
2454549.7834	13.400	0.000
2454588.7335	13.260	0.000
2454588.7378	13.240	0.000
2454588.7421	13.220	0.000
2454588.7464	13.200	0.000
2454792.0057	13.300	0.000
2454792.0111	13.320	0.000
2454792.0165	13.330	0.000
2454792.0220	13.340	0.000
2454766.0008	13.110	0.000
2454766.0074	13.110	0.000
2454766.0140	13.130	0.000
2454766.0205	13.150	0.000
2454941.6983	13.370	0.000
2454941.7050	13.390	0.000
2454941.7116	13.380	0.000
2454941.7183	13.410	0.000
2455182.8101	13.380	0.000
2455182.8147	13.350	0.000
2455182.8193	13.310	0.000
2455182.8240	13.300	0.000
2454866.7639	13.320	0.000
2454866.7730	13.260	0.000
2454866.7820	13.220	0.000
2454866.7911	13.180	0.000
2454877.7144	13.260	0.000
2454884.6774	13.130	0.000
2454884.6829	13.120	0.000
2454884.6883	13.040	0.000
2454884.6937	13.000	0.000
2454851.9430	13.450	0.000
2454851.9495	13.450	0.000
2454851.9561	13.450	0.000
2454851.9626	13.460	0.000
2454860.8088	13.260	0.000
2454860.8151	13.230	0.000
2454860.8215	13.200	0.000
2454860.8279	13.200	0.000
2454892.7175	13.160	0.000
2454892.7260	13.110	0.000
2454892.7345	13.130	0.000
2454892.7435	13.140	0.000
2454908.7461	13.370	0.000
2454908.7510	13.380	0.000
2454908.7559	13.390	0.000
2454908.7607	13.370	0.000
2454914.6630	13.130	0.000
2454914.6710	13.190	0.000
2454914.6791	13.210	0.000
2454914.6872	13.230	0.000
2454965.7411	13.390	0.000
2454965.7465	13.380	0.000
2454965.7518	13.360	0.000
2454965.7572	13.330	0.000
2455154.9196	13.390	0.000
2455154.9273	13.380	0.000
2455154.9351	13.350	0.000
2455154.9429	13.300	0.000
2455120.9687	13.250	0.000
2455120.9748	13.210	0.000
2455120.9809	13.180	0.000
2455120.9870	13.160	0.000
2455130.9536	13.220	0.000
2455130.9609	13.160	0.000
2455130.9682	13.140	0.000
2455130.9755	13.150	0.000
2455295.6658	13.390	0.000
2455295.6710	13.350	0.000
2455295.6762	13.330	0.000
2455295.6813	13.260	0.000
2455303.6849	13.390	0.000
2455303.6906	13.380	0.000
2455303.6963	13.420	0.000
2455303.7021	13.400	0.000
2455533.9366	13.320	0.000
2455533.9517	13.300	0.000
2455533.9593	13.320	0.000
2455236.7416	13.350	0.000
2455242.7270	13.360	0.000
2455242.7331	13.350	0.000
2455242.7393	13.340	0.000
2455242.7454	13.320	0.000
2455202.9915	13.220	0.000
2455202.9976	13.230	0.000
2455203.0038	13.260	0.000
2455203.0100	13.280	0.000
2455208.8785	13.390	0.000
2455208.8867	13.410	0.000
2455208.8949	13.390	0.000
2455208.9032	13.360	0.000
2455274.7540	13.350	0.000
2455274.7615	13.350	0.000
2455274.7690	13.370	0.000
2455274.7765	13.360	0.000
2455322.6723	13.200	0.000
2455322.6805	13.150	0.000
2455322.6898	13.240	0.000
2455322.6984	13.170	0.000
2455347.6491	13.330	0.000
2455347.6548	13.350	0.000
2455347.6605	13.360	0.000
2455347.6662	13.390	0.000
2455516.9699	13.200	0.000
2455516.9815	13.260	0.000
2455516.9873	13.290	0.000
2455659.6272	13.220	0.000
2455659.6323	13.370	0.000
2455659.6426	13.220	0.000
2455681.7202	13.270	0.000
2455681.7276	13.270	0.000
2455681.7351	13.300	0.000
2455681.7426	13.310	0.000
2455598.7584	13.380	0.000
2455598.7659	13.340	0.000
2455598.7735	13.280	0.000
2455598.7811	13.210	0.000
2455604.7382	13.380	0.000
2455604.7463	13.330	0.000
2455604.7543	13.270	0.000
2455604.7624	13.260	0.000
2455617.8469	13.290	0.000
2455617.8535	13.230	0.000
2455617.8601	13.180	0.000
2455617.8667	13.160	0.000
2455569.8741	13.190	0.000
2455569.8799	13.180	0.000
2455569.8857	13.200	0.000
2455569.8915	13.200	0.000
2455589.7776	13.380	0.000
2455589.7834	13.390	0.000
2455589.7892	13.390	0.000
2455589.7951	13.400	0.000
2455720.6589	13.350	0.000
2455720.6657	13.390	0.000
2455720.6724	13.390	0.000
2455720.6796	13.400	0.000
2455628.7016	13.380	0.000
2455628.7089	13.390	0.000
2455628.7163	13.380	0.000
2455628.7238	13.360	0.000
2455634.6640	13.370	0.000
2455634.6697	13.390	0.000
2455634.6754	13.360	0.000
2455634.6811	13.360	0.000
2455647.6266	13.380	0.000
2455647.6334	13.380	0.000
2455647.6403	13.380	0.000
2455647.6471	13.390	0.000
2453756.9573	13.370	0.000
2453756.9640	13.380	0.000
2454532.8955	13.300	0.000
2454532.9020	13.310	0.000
2454532.9087	13.380	0.000
2454532.9335	13.400	0.000
2454877.7726	13.360	0.000
2454877.7780	13.350	0.000
2454877.7834	13.340	0.000
2454877.7888	13.330	0.000
2455505.9668	13.300	0.000
2455505.9785	13.330	0.000
2455505.9843	13.350	0.000
2455861.9768	13.310	0.000
2455861.9860	13.340	0.000
2455861.9953	13.360	0.000
2455862.0044	13.390	0.000
2455922.9022	13.100	0.000
2455922.9089	13.120	0.000
2455922.9157	13.150	0.000
2455922.9224	13.190	0.000
2455928.8172	13.400	0.000
2455928.8268	13.390	0.000
2455928.8366	13.370	0.000
2455928.8464	13.300	0.000
2455945.8650	13.140	0.000
2455945.8700	13.130	0.000
2455945.8751	13.140	0.000
2455945.8801	13.160	0.000
2455968.7359	13.350	0.000
2455968.7443	13.360	0.000
2455968.7527	13.370	0.000
2455968.7612	13.380	0.000
2455977.8861	13.350	0.000
2455977.8885	13.330	0.000
2455977.8909	13.310	0.000
2455977.8934	13.290	0.000
2455980.7266	13.250	0.000
2455980.7344	13.170	0.000
2455980.7422	13.140	0.000
2455980.7501	13.140	0.000
2455986.7387	13.230	0.000
2455986.7438	13.250	0.000
2455986.7490	13.280	0.000
2455986.7542	13.300	0.000
2456015.7282	13.410	0.000
2456015.7345	13.420	0.000
2456015.7408	13.390	0.000
2456015.7471	13.370	0.000
2456044.7700	13.360	0.000
2456044.7785	13.380	0.000
2456044.7870	13.400	0.000
2456044.7955	13.410	0.000
2456065.6461	13.390	0.000
2456065.6536	13.400	0.000
2456065.6611	13.400	0.000
2456065.6685	13.410	0.000
2456076.6498	13.270	0.000
2456076.6538	13.270	0.000
2456076.6578	13.290	0.000
2456076.6617	13.310	0.000
2456086.6597	13.340	0.000
2456086.6648	13.370	0.000
2456086.6699	13.380	0.000
2456086.6751	13.380	0.000
2456271.8924	13.200	0.000
2456271.9021	13.170	0.000
2456271.9117	13.160	0.000
2456271.9213	13.170	0.000
2456297.7921	13.420	0.000
2456297.8007	13.420	0.000
2456297.8087	13.410	0.000
2456297.8167	13.380	0.000
2456305.9401	13.260	0.000
2456305.9465	13.290	0.000
2456305.9527	13.310	0.000
2456305.9590	13.320	0.000
2456313.8263	13.220	0.000
2456313.8296	13.210	0.000
2456313.8330	13.220	0.000
2456313.8364	13.230	0.000
2456338.7147	13.170	0.000
2456338.7198	13.200	0.000
2456338.7250	13.220	0.000
2456338.7301	13.240	0.000
2456354.7008	13.290	0.000
2456354.7057	13.320	0.000
2456354.7107	13.320	0.000
2456354.7158	13.330	0.000
2456367.7399	13.320	0.000
2456367.7489	13.300	0.000
2456367.7581	13.240	0.000
2456367.7672	13.170	0.000
2455957.9712	13.220	0.000
2455957.9743	13.240	0.000
2455957.9805	13.260	0.000
2455957.9855	13.270	0.000
2456390.6903	13.350	0.000
2456390.6950	13.340	0.000
2456390.6996	13.290	0.000
2456390.7042	13.260	0.000
2456414.6415	13.310	0.000
2456414.6483	13.340	0.000
2456414.6550	13.370	0.000
2456414.6618	13.370	0.000
2456433.6961	13.240	0.000
2456433.7023	13.280	0.000
2456433.7086	13.310	0.000
2456433.7150	13.350	0.000
