09 48 03.9
+31 56 51
12.771 CV


 NUM       FECHA MPC    COMPARA        NSVS 7467387
----  --------------  ---------  ------------------
0000  20170506.85938     916396     633791 10.40226  + 01.06739  04.18504  03877.23  15.96239  0932.53  0669.31  *C:\Capturas\Capturas_20170506\GSC 2501-1015\New\GSC 2501-1015-20170506_2036_000010410.FIT
0001  20170506.86095     915855     646056 10.38071  + 01.07015  04.15607  03684.56  16.01735  0931.41  0667.77  *C:\Capturas\Capturas_20170506\GSC 2501-1015\New\GSC 2501-1015-20170506_2038_000010411.FIT
0002  20170506.86253     919119     655104 10.36942  + 01.07300  04.26398  03548.32  16.06233  0930.49  0666.11  *C:\Capturas\Capturas_20170506\GSC 2501-1015\New\GSC 2501-1015-20170506_2040_000010412.FIT
0003  20170506.86413     916902     661880 10.35556  + 01.07598  04.11213  03447.97  16.09100  0931.65  0664.53  *C:\Capturas\Capturas_20170506\GSC 2501-1015\New\GSC 2501-1015-20170506_2043_000010413.FIT
0004  20170506.86571     915167     671650 10.33751  + 01.07900  03.86164  03376.82  16.11168  0931.95  0663.01  *C:\Capturas\Capturas_20170506\GSC 2501-1015\New\GSC 2501-1015-20170506_2045_000010414.FIT
0005  20170506.86729     912264     674375 10.32962  + 01.08210  04.27116  03332.35  16.12267  0930.93  0661.36  *C:\Capturas\Capturas_20170506\GSC 2501-1015\New\GSC 2501-1015-20170506_2047_000010415.FIT
0006  20170506.86888     913005     673130 10.33252  + 01.08531  04.54183  03286.11  16.13880  0932.46  0660.11  *C:\Capturas\Capturas_20170506\GSC 2501-1015\New\GSC 2501-1015-20170506_2050_000010416.FIT
0007  20170506.87046     924737     688530 10.32178  + 01.08858  04.34983  03240.39  16.16802  0931.98  0657.70  *C:\Capturas\Capturas_20170506\GSC 2501-1015\New\GSC 2501-1015-20170506_2052_000010417.FIT
0008  20170506.87204     924259     688441 10.32135  + 01.09194  04.02300  03222.34  16.17355  0932.68  0656.22  *C:\Capturas\Capturas_20170506\GSC 2501-1015\New\GSC 2501-1015-20170506_2054_000010418.FIT
0009  20170506.87362     918458     688952 10.31367  + 01.09539  04.05497  03212.40  16.17005  0932.35  0654.74  *C:\Capturas\Capturas_20170506\GSC 2501-1015\New\GSC 2501-1015-20170506_2056_000010419.FIT
0010  20170506.87519     921428     688844 10.31737  + 01.09891  04.00885  03188.51  16.18171  0933.56  0654.77  *C:\Capturas\Capturas_20170506\GSC 2501-1015\New\GSC 2501-1015-20170506_2059_000010420.FIT
0011  20170506.87676     924255     683522 10.32917  + 01.10251  03.78304  03174.18  16.18997  0932.87  0654.92  *C:\Capturas\Capturas_20170506\GSC 2501-1015\New\GSC 2501-1015-20170506_2101_000010421.FIT
0012  20170506.87833     921060     679237 10.33225  + 01.10620  04.14649  03194.99  16.17906  0931.78  0654.35  *C:\Capturas\Capturas_20170506\GSC 2501-1015\New\GSC 2501-1015-20170506_2103_000010422.FIT
0013  20170506.87993     916942     674612 10.33482  + 01.11006  04.14058  03205.21  16.17069  0933.42  0652.86  *C:\Capturas\Capturas_20170506\GSC 2501-1015\New\GSC 2501-1015-20170506_2106_000010423.FIT
0014  20170506.88152     916711     674960 10.33398  + 01.11398  04.17716  03202.26  16.17142  0932.47  0650.93  *C:\Capturas\Capturas_20170506\GSC 2501-1015\New\GSC 2501-1015-20170506_2108_000010424.FIT
0015  20170506.88309     918922     666900 10.34972  + 01.11795  03.95673  03217.99  16.16870  0931.92  0650.12  *C:\Capturas\Capturas_20170506\GSC 2501-1015\New\GSC 2501-1015-20170506_2110_000010425.FIT
0016  20170506.88466     921470     664538 10.35661  + 01.12202  03.93089  03224.29  16.16959  0930.74  0649.53  *C:\Capturas\Capturas_20170506\GSC 2501-1015\New\GSC 2501-1015-20170506_2112_000010426.FIT
0017  20170506.88625     920142     656034 10.36908  + 01.12624  04.34810  03215.48  16.17100  0932.63  0648.97  *C:\Capturas\Capturas_20170506\GSC 2501-1015\New\GSC 2501-1015-20170506_2115_000010427.FIT
0018  20170506.88781     913896     653988 10.36506  + 01.13047  04.10606  03216.84  16.16311  0931.73  0648.29  *C:\Capturas\Capturas_20170506\GSC 2501-1015\New\GSC 2501-1015-20170506_2117_000010428.FIT
0019  20170506.88939     918395     643899 10.38738  + 01.13486  04.17069  03242.25  16.15988  0930.53  0647.96  *C:\Capturas\Capturas_20170506\GSC 2501-1015\New\GSC 2501-1015-20170506_2119_000010429.FIT
0020  20170506.89095     907115     634173 10.39050  + 01.13929  04.20750  03256.12  16.14174  0930.17  0646.33  *C:\Capturas\Capturas_20170506\GSC 2501-1015\New\GSC 2501-1015-20170506_2121_000010430.FIT
0021  20170506.89255     911869     628195 10.40654  + 01.14394  04.28354  03268.14  16.14343  0930.25  0645.86  *C:\Capturas\Capturas_20170506\GSC 2501-1015\New\GSC 2501-1015-20170506_2124_000010431.FIT
0022  20170506.89416     909566     632410 10.39648  + 01.14873  04.23113  03281.15  16.13633  0929.38  0645.58  *C:\Capturas\Capturas_20170506\GSC 2501-1015\New\GSC 2501-1015-20170506_2126_000010432.FIT
0023  20170506.89574     910474     620537 10.41825  + 01.15353  04.37930  03294.35  16.13304  0928.01  0644.40  *C:\Capturas\Capturas_20170506\GSC 2501-1015\New\GSC 2501-1015-20170506_2128_000010433.FIT
0024  20170506.89734     907658     617767 10.41975  + 01.15851  03.85306  03316.79  16.12226  0929.08  0644.01  *C:\Capturas\Capturas_20170506\GSC 2501-1015\New\GSC 2501-1015-20170506_2131_000010434.FIT
0025  20170506.89895     905880     608752 10.43365  + 01.16363  04.20282  03326.36  16.11697  0928.82  0643.10  *C:\Capturas\Capturas_20170506\GSC 2501-1015\New\GSC 2501-1015-20170506_2133_000010435.FIT
0026  20170506.90052     909791     605489 10.44421  + 01.16874  04.05436  03355.19  16.11226  0928.98  0641.83  *C:\Capturas\Capturas_20170506\GSC 2501-1015\New\GSC 2501-1015-20170506_2135_000010436.FIT
0027  20170506.90211     903744     598123 10.45029  + 01.17403  05.15598  03378.61  16.09740  0929.98  0640.35  *C:\Capturas\Capturas_20170506\GSC 2501-1015\New\GSC 2501-1015-20170506_2137_000010437.FIT
0028  20170506.90368     902341     596442 10.45166  + 01.17936  04.56198  03411.12  16.08526  0929.73  0638.68  *C:\Capturas\Capturas_20170506\GSC 2501-1015\New\GSC 2501-1015-20170506_2140_000010438.FIT
0029  20170506.90527     907842     586536 10.47657  + 01.18489  03.96950  03428.00  16.08650  0929.00  0637.89  *C:\Capturas\Capturas_20170506\GSC 2501-1015\New\GSC 2501-1015-20170506_2142_000010439.FIT
0030  20170506.90688     903499     582828 10.47825  + 01.19060  04.33720  03446.78  16.07531  0929.32  0637.98  *C:\Capturas\Capturas_20170506\GSC 2501-1015\New\GSC 2501-1015-20170506_2144_000010440.FIT
0031  20170506.90845     905657     578961 10.48812  + 01.19630  04.15044  03451.91  16.07629  0930.25  0637.74  *C:\Capturas\Capturas_20170506\GSC 2501-1015\New\GSC 2501-1015-20170506_2147_000010441.FIT
0032  20170506.91005     906124     574931 10.49630  + 01.20223  04.27285  03451.59  16.07695  0929.45  0637.06  *C:\Capturas\Capturas_20170506\GSC 2501-1015\New\GSC 2501-1015-20170506_2149_000010442.FIT
0033  20170506.91163     899088     569133 10.49885  + 01.20821  04.17569  03453.15  16.06795  0927.80  0636.87  *C:\Capturas\Capturas_20170506\GSC 2501-1015\New\GSC 2501-1015-20170506_2151_000010443.FIT
0034  20170506.91321     905627     563786 10.51706  + 01.21432  04.40920  03452.37  16.07611  0929.48  0636.64  *C:\Capturas\Capturas_20170506\GSC 2501-1015\New\GSC 2501-1015-20170506_2153_000010444.FIT
0035  20170506.91477     896583     560722 10.51205  + 01.22049  04.96593  03474.02  16.05834  0928.99  0636.12  *C:\Capturas\Capturas_20170506\GSC 2501-1015\New\GSC 2501-1015-20170506_2156_000010445.FIT
0036  20170506.91635     891365     553312 10.52020  + 01.22686  04.58375  03507.52  16.04150  0928.13  0635.54  *C:\Capturas\Capturas_20170506\GSC 2501-1015\New\GSC 2501-1015-20170506_2158_000010446.FIT
0037  20170506.91793     899238     552094 10.53220  + 01.23337  04.25771  03521.69  16.04669  0926.44  0635.05  *C:\Capturas\Capturas_20170506\GSC 2501-1015\New\GSC 2501-1015-20170506_2200_000010447.FIT
0038  20170506.91950     892134     547077 10.53350  + 01.23998  05.01606  03531.56  16.03499  0928.11  0633.98  *C:\Capturas\Capturas_20170506\GSC 2501-1015\New\GSC 2501-1015-20170506_2203_000010448.FIT
0039  20170506.92109     894239     540977 10.54831  + 01.24681  04.93889  03535.18  16.03644  0927.28  0633.23  *C:\Capturas\Capturas_20170506\GSC 2501-1015\New\GSC 2501-1015-20170506_2205_000010449.FIT
0040  20170506.92267     892365     539821 10.54835  + 01.25375  05.06967  03551.82  16.02903  0925.82  0632.93  *C:\Capturas\Capturas_20170506\GSC 2501-1015\New\GSC 2501-1015-20170506_2207_000010450.FIT
0041  20170506.92425     891135     534894 10.55685  + 01.26083  04.86818  03557.39  16.02582  0925.64  0632.45  *C:\Capturas\Capturas_20170506\GSC 2501-1015\New\GSC 2501-1015-20170506_2209_000010451.FIT
0042  20170506.92581     886457     526114 10.56916  + 01.26797  05.14870  03579.77  16.01323  0925.46  0631.97  *C:\Capturas\Capturas_20170506\GSC 2501-1015\New\GSC 2501-1015-20170506_2212_000010452.FIT
0043  20170506.92741     885190     521995 10.57618  + 01.27545  04.91970  03616.76  16.00046  0924.80  0631.87  *C:\Capturas\Capturas_20170506\GSC 2501-1015\New\GSC 2501-1015-20170506_2214_000010453.FIT
0044  20170506.92897     883943     521264 10.57617  + 01.28290  04.80229  03634.59  15.99355  0923.77  0630.72  *C:\Capturas\Capturas_20170506\GSC 2501-1015\New\GSC 2501-1015-20170506_2216_000010454.FIT
0045  20170506.93053     888185     517873 10.58851  + 01.29050  04.41848  03662.42  15.99046  0924.66  0629.98  *C:\Capturas\Capturas_20170506\GSC 2501-1015\New\GSC 2501-1015-20170506_2218_000010455.FIT
0046  20170506.93211     881410     511290 10.59411  + 01.29836  04.93000  03696.42  15.97202  0924.10  0629.00  *C:\Capturas\Capturas_20170506\GSC 2501-1015\New\GSC 2501-1015-20170506_2221_000010456.FIT
0047  20170506.93367     879628     511231 10.59203  + 01.30628  04.39169  03718.40  15.96334  0923.57  0628.11  *C:\Capturas\Capturas_20170506\GSC 2501-1015\New\GSC 2501-1015-20170506_2223_000010457.FIT
0048  20170506.93523     882788     501363 10.61721  + 01.31437  04.87841  03759.19  15.95535  0924.44  0627.29  *C:\Capturas\Capturas_20170506\GSC 2501-1015\New\GSC 2501-1015-20170506_2225_000010458.FIT
0049  20170506.93682     883691     504139 10.61230  + 01.32279  04.15185  03796.40  15.94572  0924.58  0626.90  *C:\Capturas\Capturas_20170506\GSC 2501-1015\New\GSC 2501-1015-20170506_2227_000010459.FIT
0050  20170506.93840     879205     505005 10.60488  + 01.33134  03.98864  03839.74  15.92779  0925.28  0625.92  *C:\Capturas\Capturas_20170506\GSC 2501-1015\New\GSC 2501-1015-20170506_2230_000010460.FIT
0051  20170506.94001     878905     500531 10.61421  + 01.34023  03.95877  03871.13  15.91853  0924.57  0625.29  *C:\Capturas\Capturas_20170506\GSC 2501-1015\New\GSC 2501-1015-20170506_2232_000010461.FIT
0052  20170506.94162     876173     497993 10.61636  + 01.34932  03.89922  03894.97  15.90844  0926.19  0624.13  *C:\Capturas\Capturas_20170506\GSC 2501-1015\New\GSC 2501-1015-20170506_2234_000010462.FIT
0053  20170506.94319     881545     487297 10.64672  + 01.35836  03.78351  03942.48  15.90188  0925.74  0623.18  *C:\Capturas\Capturas_20170506\GSC 2501-1015\New\GSC 2501-1015-20170506_2237_000010463.FIT
0054  20170506.94478     872370     487283 10.63533  + 01.36772  04.23102  03981.19  15.87981  0925.55  0622.99  *C:\Capturas\Capturas_20170506\GSC 2501-1015\New\GSC 2501-1015-20170506_2239_000010464.FIT
0055  20170506.94639     875453     486840 10.64017  + 01.37741  04.20713  04043.30  15.86677  0926.51  0623.08  *C:\Capturas\Capturas_20170506\GSC 2501-1015\New\GSC 2501-1015-20170506_2241_000010465.FIT
0056  20170506.94796     867641     485045 10.63443  + 01.38705  03.99877  04045.52  15.85639  0926.71  0622.74  *C:\Capturas\Capturas_20170506\GSC 2501-1015\New\GSC 2501-1015-20170506_2243_000010466.FIT
0057  20170506.94955     871487     481468 10.64733  + 01.39703  04.09210  04022.21  15.86752  0927.16  0622.38  *C:\Capturas\Capturas_20170506\GSC 2501-1015\New\GSC 2501-1015-20170506_2246_000010467.FIT
0058  20170506.95115     863183     478758 10.64304  + 01.40729  04.00600  04011.27  15.86005  0925.76  0620.78  *C:\Capturas\Capturas_20170506\GSC 2501-1015\New\GSC 2501-1015-20170506_2248_000010468.FIT
0059  20170506.95273     869399     479331 10.64956  + 01.41764  03.87743  04009.00  15.86849  0928.18  0619.40  *C:\Capturas\Capturas_20170506\GSC 2501-1015\New\GSC 2501-1015-20170506_2250_000010469.FIT
