09 48 06.0
+31 57 06
12.771 CV


 NUM       FECHA MPC    COMPARA        NSVS 7467387
----  --------------  ---------  ------------------
0000  20170421.86797     898572     531554 10.57275  + 01.02701  04.21535  00882.35  17.55587  0866.80  0620.15  *C:\Capturas\Capturas_20170421\GSC 2501-1015\New\GSC 2501-1015-20170421_2048_000010351.FIT
0001  20170421.86954     897733     529549 10.57585  + 01.02828  04.39316  00890.28  17.54509  0863.46  0619.36  *C:\Capturas\Capturas_20170421\GSC 2501-1015\New\GSC 2501-1015-20170421_2051_000010352.FIT
0002  20170421.87111     889450     519209 10.58725  + 01.02962  04.59840  00889.54  17.53588  0865.47  0618.72  *C:\Capturas\Capturas_20170421\GSC 2501-1015\New\GSC 2501-1015-20170421_2053_000010353.FIT
0003  20170421.87267     891148     519597 10.58852  + 01.03101  04.51615  00885.12  17.54341  0865.17  0617.61  *C:\Capturas\Capturas_20170421\GSC 2501-1015\New\GSC 2501-1015-20170421_2055_000010354.FIT
0004  20170421.87425     898386     521658 10.59303  + 01.03249  04.24998  00889.59  17.54674  0864.97  0616.79  *C:\Capturas\Capturas_20170421\GSC 2501-1015\New\GSC 2501-1015-20170421_2057_000010355.FIT
0005  20170421.87581     895845     517063 10.59959  + 01.03402  03.90150  00899.95  17.53101  0864.00  0616.06  *C:\Capturas\Capturas_20170421\GSC 2501-1015\New\GSC 2501-1015-20170421_2100_000010356.FIT
0006  20170421.87740     898687     517186 10.60278  + 01.03565  04.44202  00886.33  17.55110  0865.30  0615.25  *C:\Capturas\Capturas_20170421\GSC 2501-1015\New\GSC 2501-1015-20170421_2102_000010357.FIT
0007  20170421.87898     899490     513811 10.61090  + 01.03734  04.33216  00879.69  17.56028  0864.63  0612.93  *C:\Capturas\Capturas_20170421\GSC 2501-1015\New\GSC 2501-1015-20170421_2104_000010358.FIT
0008  20170421.88058     896472     508581 10.61840  + 01.03912  03.99946  00884.52  17.55064  0862.94  0611.85  *C:\Capturas\Capturas_20170421\GSC 2501-1015\New\GSC 2501-1015-20170421_2106_000010359.FIT
0009  20170421.88215     899205     509865 10.61897  + 01.04094  04.03327  00877.01  17.56326  0862.27  0611.45  *C:\Capturas\Capturas_20170421\GSC 2501-1015\New\GSC 2501-1015-20170421_2109_000010360.FIT
0010  20170421.88374     897076     506654 10.62327  + 01.04285  04.11835  00877.09  17.56059  0861.98  0609.85  *C:\Capturas\Capturas_20170421\GSC 2501-1015\New\GSC 2501-1015-20170421_2111_000010361.FIT
0011  20170421.88532     899347     503012 10.63390  + 01.04483  04.20184  00872.51  17.56905  0862.66  0608.31  *C:\Capturas\Capturas_20170421\GSC 2501-1015\New\GSC 2501-1015-20170421_2113_000010362.FIT
0012  20170421.88692     899248     502429 10.63505  + 01.04690  04.05450  00883.64  17.55510  0861.06  0607.20  *C:\Capturas\Capturas_20170421\GSC 2501-1015\New\GSC 2501-1015-20170421_2116_000010363.FIT
0013  20170421.88848     902079     501035 10.64151  + 01.04900  03.93171  00884.91  17.55696  0862.49  0606.29  *C:\Capturas\Capturas_20170421\GSC 2501-1015\New\GSC 2501-1015-20170421_2118_000010364.FIT
0014  20170421.89007     901497     500748 10.64143  + 01.05121  03.85041  00894.59  17.54439  0861.98  0604.90  *C:\Capturas\Capturas_20170421\GSC 2501-1015\New\GSC 2501-1015-20170421_2120_000010365.FIT
0015  20170421.89164     898149     495651 10.64853  + 01.05346  04.02119  00901.21  17.53229  0861.86  0604.04  *C:\Capturas\Capturas_20170421\GSC 2501-1015\New\GSC 2501-1015-20170421_2122_000010366.FIT
0016  20170421.89321     894239     492890 10.64986  + 01.05580  04.51022  00900.94  17.52786  0862.42  0602.88  *C:\Capturas\Capturas_20170421\GSC 2501-1015\New\GSC 2501-1015-20170421_2125_000010367.FIT
0017  20170421.89480     891615     493659 10.64496  + 01.05823  04.41547  00906.50  17.51793  0861.44  0602.42  *C:\Capturas\Capturas_20170421\GSC 2501-1015\New\GSC 2501-1015-20170421_2127_000010368.FIT
0018  20170421.89637     894180     489086 10.65824  + 01.06071  04.43793  00913.35  17.51286  0860.44  0601.34  *C:\Capturas\Capturas_20170421\GSC 2501-1015\New\GSC 2501-1015-20170421_2129_000010369.FIT
0019  20170421.89795     899225     486340 10.67052  + 01.06329  04.39990  00913.02  17.51939  0860.26  0600.51  *C:\Capturas\Capturas_20170421\GSC 2501-1015\New\GSC 2501-1015-20170421_2131_000010370.FIT
0020  20170421.89953     892387     486491 10.66186  + 01.06594  03.97664  00922.78  17.49947  0861.67  0599.20  *C:\Capturas\Capturas_20170421\GSC 2501-1015\New\GSC 2501-1015-20170421_2134_000010371.FIT
0021  20170421.90111     895535     486143 10.66648  + 01.06868  03.96080  00919.15  17.50761  0860.43  0598.29  *C:\Capturas\Capturas_20170421\GSC 2501-1015\New\GSC 2501-1015-20170421_2136_000010372.FIT
0022  20170421.90269     899539     485011 10.67389  + 01.07149  03.80583  00921.05  17.51022  0858.92  0597.08  *C:\Capturas\Capturas_20170421\GSC 2501-1015\New\GSC 2501-1015-20170421_2138_000010373.FIT
0023  20170421.90425     898190     487439 10.66681  + 01.07435  03.84027  00916.92  17.51348  0859.89  0596.26  *C:\Capturas\Capturas_20170421\GSC 2501-1015\New\GSC 2501-1015-20170421_2141_000010374.FIT
0024  20170421.90581     895862     487553 10.66372  + 01.07729  04.02500  00926.28  17.49957  0859.88  0595.37  *C:\Capturas\Capturas_20170421\GSC 2501-1015\New\GSC 2501-1015-20170421_2143_000010375.FIT
0025  20170421.90738     892370     482485 10.67086  + 01.08032  04.40397  00921.40  17.50107  0858.17  0594.41  *C:\Capturas\Capturas_20170421\GSC 2501-1015\New\GSC 2501-1015-20170421_2145_000010376.FIT
0026  20170421.90895     891049     485517 10.66241  + 01.08344  04.27064  00923.53  17.49693  0856.48  0594.00  *C:\Capturas\Capturas_20170421\GSC 2501-1015\New\GSC 2501-1015-20170421_2147_000010377.FIT
0027  20170421.91053     885333     483206 10.66059  + 01.08667  04.83942  00927.78  17.48491  0858.20  0593.21  *C:\Capturas\Capturas_20170421\GSC 2501-1015\New\GSC 2501-1015-20170421_2150_000010378.FIT
0028  20170421.91213     886632     482570 10.66363  + 01.09002  04.42850  00924.72  17.49011  0857.50  0592.56  *C:\Capturas\Capturas_20170421\GSC 2501-1015\New\GSC 2501-1015-20170421_2152_000010379.FIT
0029  20170421.91372     892277     481002 10.67410  + 01.09344  04.45244  00926.75  17.49465  0855.39  0592.11  *C:\Capturas\Capturas_20170421\GSC 2501-1015\New\GSC 2501-1015-20170421_2154_000010380.FIT
0030  20170421.91531     893654     485935 10.66465  + 01.09695  04.34418  00928.64  17.49410  0855.68  0591.02  *C:\Capturas\Capturas_20170421\GSC 2501-1015\New\GSC 2501-1015-20170421_2156_000010381.FIT
0031  20170421.91691     892441     485823 10.66342  + 01.10057  04.21995  00942.36  17.47663  0855.57  0589.92  *C:\Capturas\Capturas_20170421\GSC 2501-1015\New\GSC 2501-1015-20170421_2159_000010382.FIT
0032  20170421.91852     873150     477112 10.65932  + 01.10431  05.46373  00942.73  17.45236  0855.22  0589.67  *C:\Capturas\Capturas_20170421\GSC 2501-1015\New\GSC 2501-1015-20170421_2201_000010383.FIT
0033  20170421.92013     872385     484660 10.64124  + 01.10814  05.44894  00948.82  17.44438  0853.64  0589.31  *C:\Capturas\Capturas_20170421\GSC 2501-1015\New\GSC 2501-1015-20170421_2203_000010384.FIT
0034  20170421.92170     870520     485583 10.63683  + 01.11197  04.86366  00949.60  17.44115  0854.28  0588.30  *C:\Capturas\Capturas_20170421\GSC 2501-1015\New\GSC 2501-1015-20170421_2206_000010385.FIT
0035  20170421.92326     857823     481777 10.62939  + 01.11587  05.72786  00966.91  17.40540  0854.03  0587.21  *C:\Capturas\Capturas_20170421\GSC 2501-1015\New\GSC 2501-1015-20170421_2208_000010386.FIT
