09 47 59.2
+31 56 08
12.771 CV


 NUM       FECHA MPC    COMPARA        NSVS 7467387
----  --------------  ---------  ------------------
0000  20170514.88074     790931     433151 10.65689  + 01.17588  04.46971  01056.47  17.22020  0861.82  0602.48  *C:\Capturas\Capturas_20170514\GSC 2501-1015\New\GSC 2501-1015-20170514_2107_000010511.FIT
0001  20170514.88231     809488     445039 10.65265  + 01.18126  03.86761  01029.47  17.27374  0859.94  0600.96  *C:\Capturas\Capturas_20170514\GSC 2501-1015\New\GSC 2501-1015-20170514_2109_000010512.FIT
0002  20170514.88388     813410     452710 10.63928  + 01.18675  04.00774  01017.96  17.29128  0857.33  0598.14  *C:\Capturas\Capturas_20170514\GSC 2501-1015\New\GSC 2501-1015-20170514_2111_000010513.FIT
0003  20170514.88546     838887     468160 10.63631  + 01.19240  03.97617  01001.15  17.34309  0857.03  0595.78  *C:\Capturas\Capturas_20170514\GSC 2501-1015\New\GSC 2501-1015-20170514_2113_000010514.FIT
0004  20170514.88705     839361     469402 10.63404  + 01.19821  04.35933  01002.23  17.34253  0857.85  0591.87  *C:\Capturas\Capturas_20170514\GSC 2501-1015\New\GSC 2501-1015-20170514_2116_000010515.FIT
0005  20170514.88865     811320     459413 10.62044  + 01.20418  04.14435  01027.09  17.27873  0856.87  0589.56  *C:\Capturas\Capturas_20170514\GSC 2501-1015\New\GSC 2501-1015-20170514_2118_000010516.FIT
0006  20170514.89024     803131     459241 10.60978  + 01.21024  04.34620  01024.06  17.27089  0855.43  0587.06  *C:\Capturas\Capturas_20170514\GSC 2501-1015\New\GSC 2501-1015-20170514_2120_000010517.FIT
0007  20170514.89181     795347     458540 10.60082  + 01.21636  04.20181  01028.35  17.25570  0856.59  0586.07  *C:\Capturas\Capturas_20170514\GSC 2501-1015\New\GSC 2501-1015-20170514_2123_000010518.FIT
0008  20170514.89339     755560     442923 10.58264  + 01.22265  04.35628  01045.40  17.18177  0857.25  0584.23  *C:\Capturas\Capturas_20170514\GSC 2501-1015\New\GSC 2501-1015-20170514_2125_000010519.FIT
0009  20170514.89497     733967     437355 10.56480  + 01.22907  04.19649  01052.10  17.14317  0856.67  0582.17  *C:\Capturas\Capturas_20170514\GSC 2501-1015\New\GSC 2501-1015-20170514_2127_000010520.FIT
0010  20170514.89653     669195     405755 10.54583  + 01.23554  04.72690  01095.17  16.99861  0857.00  0580.11  *C:\Capturas\Capturas_20170514\GSC 2501-1015\New\GSC 2501-1015-20170514_2129_000010521.FIT
0011  20170514.89809     641508     388628 10.54678  + 01.24215  04.58402  01124.81  16.92339  0856.78  0577.74  *C:\Capturas\Capturas_20170514\GSC 2501-1015\New\GSC 2501-1015-20170514_2132_000010522.FIT
0012  20170514.89968     691462     429067 10.52059  + 01.24903  04.04422  01091.35  17.03813  0857.95  0575.98  *C:\Capturas\Capturas_20170514\GSC 2501-1015\New\GSC 2501-1015-20170514_2134_000010523.FIT
0013  20170514.90128     709049     442212 10.51507  + 01.25611  04.49448  01089.89  17.06699  0857.47  0574.60  *C:\Capturas\Capturas_20170514\GSC 2501-1015\New\GSC 2501-1015-20170514_2136_000010524.FIT
0014  20170514.90285     694623     443869 10.48857  + 01.26319  04.35880  01102.31  17.03221  0859.83  0572.42  *C:\Capturas\Capturas_20170514\GSC 2501-1015\New\GSC 2501-1015-20170514_2139_000010525.FIT
0015  20170514.90443     689334     445291 10.47674  + 01.27048  04.12794  01101.56  17.02461  0859.92  0571.40  *C:\Capturas\Capturas_20170514\GSC 2501-1015\New\GSC 2501-1015-20170514_2141_000010526.FIT
0016  20170514.90603     715795     466974 10.46597  + 01.27801  04.43440  01096.07  17.07116  0860.63  0569.44  *C:\Capturas\Capturas_20170514\GSC 2501-1015\New\GSC 2501-1015-20170514_2143_000010527.FIT
0017  20170514.90759     649391     435988 10.43466  + 01.28551  04.21600  01121.61  16.93981  0861.96  0568.08  *C:\Capturas\Capturas_20170514\GSC 2501-1015\New\GSC 2501-1015-20170514_2145_000010528.FIT
0018  20170514.90916     637808     431503 10.42630  + 01.29321  04.16086  01139.31  16.90310  0862.69  0566.75  *C:\Capturas\Capturas_20170514\GSC 2501-1015\New\GSC 2501-1015-20170514_2148_000010529.FIT
0019  20170514.91073     646355     439349 10.42117  + 01.30108  04.11309  01144.27  16.91288  0862.20  0565.87  *C:\Capturas\Capturas_20170514\GSC 2501-1015\New\GSC 2501-1015-20170514_2150_000010530.FIT
0020  20170514.91230     585825     410197 10.38880  + 01.30911  04.07116  01182.06  16.77017  0861.82  0565.20  *C:\Capturas\Capturas_20170514\GSC 2501-1015\New\GSC 2501-1015-20170514_2152_000010531.FIT
0021  20170514.91388     560832     390991 10.39355  + 01.31737  04.69589  01189.55  16.71571  0864.18  0563.69  *C:\Capturas\Capturas_20170514\GSC 2501-1015\New\GSC 2501-1015-20170514_2154_000010532.FIT
0022  20170514.91544     482908     337638 10.39040  + 01.32569  04.33683  01244.26  16.50345  0863.29  0561.90  *C:\Capturas\Capturas_20170514\GSC 2501-1015\New\GSC 2501-1015-20170514_2157_000010533.FIT
0023  20170514.91704     538581     382094 10.37449  + 01.33441  04.20475  01226.80  16.63791  0861.96  0560.71  *C:\Capturas\Capturas_20170514\GSC 2501-1015\New\GSC 2501-1015-20170514_2159_000010534.FIT
0024  20170514.91865     523533     375619 10.36222  + 01.34336  04.26023  01230.81  16.60343  0861.45  0559.67  *C:\Capturas\Capturas_20170514\GSC 2501-1015\New\GSC 2501-1015-20170514_2201_000010535.FIT
0025  20170514.92023     432298     312363 10.35450  + 01.35235  04.31271  01278.58  16.35298  0862.52  0559.53  *C:\Capturas\Capturas_20170514\GSC 2501-1015\New\GSC 2501-1015-20170514_2204_000010536.FIT
0026  20170514.92179     357158     260865 10.34275  + 01.36140  04.25066  01322.80  16.10759  0861.85  0559.49  *C:\Capturas\Capturas_20170514\GSC 2501-1015\New\GSC 2501-1015-20170514_2206_000010537.FIT
0027  20170514.92337     490445     353871 10.35606  + 01.37077  04.26577  01267.96  16.49976  0859.04  0558.56  *C:\Capturas\Capturas_20170514\GSC 2501-1015\New\GSC 2501-1015-20170514_2208_000010538.FIT
0028  20170514.92493     467431     337002 10.35692  + 01.38021  04.04392  01274.05  16.44210  0861.00  0558.29  *C:\Capturas\Capturas_20170514\GSC 2501-1015\New\GSC 2501-1015-20170514_2210_000010539.FIT
0029  20170514.92650     452242     329299 10.34610  + 01.38992  04.36967  01288.11  16.39409  0860.01  0557.62  *C:\Capturas\Capturas_20170514\GSC 2501-1015\New\GSC 2501-1015-20170514_2213_000010540.FIT
