FOTOMETRÍA ABSOLUTA

ESTRELLAS DE CALIBRADO:
   C1: 12.771 CV

NSVS 7467387 
FECHA J HELIO         MAG      +/-
----------------------------------
2451275.2280	13.693	0.000
2451275.3788	13.849	0.000
2451276.2000	13.590	0.000
2451276.3551	13.618	0.000
2451276.3561	13.476	0.000
2451278.2032	13.664	0.000
2451278.2042	13.670	0.000
2451278.3562	13.747	0.000
2451278.3572	13.882	0.000
2451279.2147	13.700	0.000
2451284.2622	13.628	0.000
2451284.2633	13.674	0.000
2451286.2058	13.854	0.000
2451286.2068	13.663	0.000
2451287.2064	13.497	0.000
2451287.2074	13.678	0.000
2451287.3592	13.510	0.000
2451287.3602	13.541	0.000
2451288.2070	13.635	0.000
2451288.2080	13.649	0.000
2451288.3598	14.001	0.000
2451288.3608	13.833	0.000
2451289.2076	13.780	0.000
2451289.2086	13.809	0.000
2451289.3605	13.674	0.000
2451289.3615	13.905	0.000
2451290.2062	13.416	0.000
2451292.3132	13.530	0.000
2451296.2079	13.893	0.000
2451296.2089	13.814	0.000
2451300.2122	13.659	0.000
2451300.2132	13.673	0.000
2451305.2150	13.480	0.000
2451305.2160	13.535	0.000
2451306.2157	13.674	0.000
2451306.2167	13.741	0.000
2451307.2163	13.605	0.000
2451307.2173	13.545	0.000
2451308.2170	13.515	0.000
2451308.2180	13.338	0.000
2451309.2177	13.662	0.000
2451309.2187	13.744	0.000
2451311.2158	13.670	0.000
2451311.2168	13.592	0.000
2451312.2238	13.401	0.000
2451312.2248	13.290	0.000
2451313.2151	13.738	0.000
2451313.2161	13.677	0.000
2451319.1763	14.292	0.000
2451321.2245	13.476	0.000
2451321.2255	13.497	0.000
2451325.2228	13.555	0.000
2451325.2238	13.721	0.000
2451326.2213	13.567	0.000
2451331.1839	13.647	0.000
2451331.2454	13.456	0.000
2451333.1839	13.801	0.000
2451333.1843	13.313	0.000
2451335.2300	13.715	0.000
2451335.2310	13.757	0.000
2451336.2304	13.499	0.000
2451336.2314	13.337	0.000
2451491.4587	13.434	0.000
2451491.4597	13.501	0.000
2451492.4189	13.663	0.000
2451492.4199	13.617	0.000
2451493.3768	13.459	0.000
2451493.3779	13.522	0.000
2451494.3768	13.659	0.000
2451494.3778	13.705	0.000
2451495.4139	13.805	0.000
2451495.4150	13.740	0.000
2451496.3752	13.516	0.000
2451496.3762	13.497	0.000
2451497.3759	13.626	0.000
2451497.3769	13.689	0.000
2451498.3749	13.732	0.000
2451499.3754	13.627	0.000
2451499.3764	13.525	0.000
2451503.3708	13.397	0.000
2451503.3718	13.516	0.000
2451504.3687	13.690	0.000
2451504.3697	13.698	0.000
2451508.4120	13.900	0.000
2451508.4123	13.927	0.000
2451513.4563	13.679	0.000
2451513.4573	13.703	0.000
2451514.3752	13.627	0.000
2451514.3762	13.601	0.000
2451515.3773	13.747	0.000
2451515.3784	13.678	0.000
2451516.3754	13.681	0.000
2451516.3765	13.776	0.000
2451518.3782	13.651	0.000
2451518.3792	13.637	0.000
2451519.3822	13.574	0.000
2451519.3832	13.636	0.000
2451520.3824	13.590	0.000
2451520.3834	13.520	0.000
2451523.3769	13.657	0.000
2451523.3780	13.616	0.000
2451526.3716	13.568	0.000
2451526.3726	13.600	0.000
2451527.3738	13.544	0.000
2451527.3748	13.425	0.000
2451531.3452	13.663	0.000
2451531.3462	13.708	0.000
2451532.3794	13.849	0.000
2451532.3804	13.776	0.000
2451533.2331	13.486	0.000
2451533.2334	13.503	0.000
2451541.3002	13.484	0.000
2451541.3006	14.012	0.000
2451542.2388	13.916	0.000
2451542.2391	13.749	0.000
2451543.2384	13.652	0.000
2451543.2388	13.873	0.000
2451549.2338	13.713	0.000
2451549.2341	13.714	0.000
2451550.2038	13.605	0.000
2451550.2048	13.654	0.000
2451550.3950	13.616	0.000
2451550.3960	13.692	0.000
2451551.2049	13.548	0.000
2451551.3929	13.384	0.000
2451554.2077	13.483	0.000
2451554.2087	13.550	0.000
2451554.3946	13.540	0.000
2451554.3956	13.556	0.000
2451555.2031	13.819	0.000
2451555.2041	13.822	0.000
2451555.3900	13.583	0.000
2451555.3910	13.539	0.000
2451556.2275	13.719	0.000
2451556.2285	13.760	0.000
2451556.4164	13.658	0.000
2451556.4174	13.724	0.000
2451557.2094	13.435	0.000
2451557.2104	13.504	0.000
2451557.3964	13.619	0.000
2451557.3974	13.631	0.000
2451558.2850	13.620	0.000
2451558.2860	13.632	0.000
2451558.4697	13.949	0.000
2451558.4708	13.707	0.000
2451559.2105	13.858	0.000
2451559.2116	13.730	0.000
2451559.3954	13.533	0.000
2451559.3964	13.710	0.000
2451560.4961	13.509	0.000
2451560.4971	13.532	0.000
2451561.2139	13.566	0.000
2451561.2149	13.487	0.000
2451561.4008	13.668	0.000
2451561.4018	13.724	0.000
2451568.2871	13.602	0.000
2451568.2874	13.653	0.000
2451568.3483	13.707	0.000
2451568.3487	13.387	0.000
2451572.3355	14.325	0.000
2451573.1794	13.527	0.000
2451573.1804	13.654	0.000
2451573.3394	13.772	0.000
2451573.3404	13.683	0.000
2451574.1800	13.507	0.000
2451574.1810	13.446	0.000
2451574.3422	13.513	0.000
2451574.3432	13.507	0.000
2451575.1766	13.691	0.000
2451575.1776	13.825	0.000
2451577.1752	13.493	0.000
2451577.1762	13.564	0.000
2451577.3353	13.593	0.000
2451577.3363	13.537	0.000
2451578.1781	13.605	0.000
2451578.1791	13.620	0.000
2451579.1797	13.572	0.000
2451579.3366	13.725	0.000
2451579.3376	13.850	0.000
2451580.4248	13.547	0.000
2451581.2024	13.399	0.000
2451581.3635	13.529	0.000
2451581.3645	13.667	0.000
2451582.1816	13.744	0.000
2451582.3342	13.667	0.000
2451582.3353	13.643	0.000
2451583.1822	13.624	0.000
2451583.3390	13.843	0.000
2451583.3400	13.727	0.000
2451585.2969	13.676	0.000
2451585.2979	13.672	0.000
2451590.1851	13.530	0.000
2451590.1861	13.519	0.000
2451590.3387	13.966	0.000
2451590.3397	13.995	0.000
2451591.1856	13.557	0.000
2451591.1867	13.528	0.000
2451595.1339	13.401	0.000
2451598.2008	13.283	0.000
2451598.2011	13.470	0.000
2451598.3348	13.551	0.000
2451598.3351	13.611	0.000
2451599.1349	13.942	0.000
2451599.1352	13.631	0.000
2451599.2674	13.720	0.000
2451599.2677	13.576	0.000
2451601.3264	13.545	0.000
2451601.3274	13.454	0.000
2451601.4812	13.473	0.000
2451601.4822	13.568	0.000
2451602.1871	13.605	0.000
2451602.1881	13.559	0.000
2451602.3471	13.384	0.000
2451602.3481	13.443	0.000
2451603.1897	13.765	0.000
2451603.1907	13.716	0.000
2451604.2947	13.371	0.000
2451604.2957	13.441	0.000
2451604.4580	13.534	0.000
2451605.2733	13.788	0.000
2451605.2743	13.726	0.000
2451605.4260	13.530	0.000
2451605.4271	13.720	0.000
2451607.1939	13.679	0.000
2451607.1949	13.609	0.000
2451607.3465	13.714	0.000
2451607.3475	13.722	0.000
2451608.1944	13.518	0.000
2451608.1954	13.515	0.000
2451608.3523	13.595	0.000
2451608.3533	13.628	0.000
2451609.1927	13.571	0.000
2451609.1937	13.559	0.000
2451609.3484	13.486	0.000
2451609.3495	13.441	0.000
2451612.2397	13.489	0.000
2451613.1947	13.686	0.000
2451613.1957	13.715	0.000
2451613.3547	13.847	0.000
2451613.3557	13.735	0.000
2451616.2010	13.527	0.000
2451616.2021	13.571	0.000
2451616.3492	13.530	0.000
2451617.3437	13.841	0.000
2451617.3448	13.829	0.000
2451618.3453	13.533	0.000
2451624.1482	13.254	0.000
2451624.1486	13.380	0.000
2451624.2849	13.408	0.000
2451624.2853	13.419	0.000
2451628.2094	13.357	0.000
2451628.2098	13.359	0.000
2451629.1508	13.782	0.000
2451629.1512	13.747	0.000
2451630.1513	13.650	0.000
2451630.1518	13.646	0.000
2451630.2923	13.894	0.000
2451630.2927	13.701	0.000
2451631.1535	13.550	0.000
2451631.1539	13.470	0.000
2451631.2943	13.384	0.000
2451631.2947	13.511	0.000
2451632.2313	13.367	0.000
2451633.3674	13.493	0.000
2451633.3685	13.650	0.000
2451634.2063	13.674	0.000
2451634.2074	13.639	0.000
