FOTOMETRÍA RELATIVA

VAR-1 
FECHA J HELIO         MAG      +/-
----------------------------------
2457865.36955      -0.065    0.005
2457865.37112      -0.062    0.005
2457865.37269      -0.051    0.005
2457865.37425      -0.050    0.005
2457865.37583      -0.045    0.005
2457865.37739      -0.039    0.005
2457865.37898      -0.035    0.005
2457865.38056      -0.027    0.005
2457865.38216      -0.020    0.005
2457865.38373      -0.019    0.005
2457865.38532      -0.015    0.005
2457865.38690      -0.004    0.005
2457865.38850      -0.003    0.005
2457865.39006       0.003    0.005
2457865.39165       0.003    0.005
2457865.39322       0.010    0.005
2457865.39479       0.012    0.005
2457865.39638       0.007    0.005
2457865.39795       0.020    0.005
2457865.39953       0.032    0.005
2457865.40111       0.024    0.005
2457865.40269       0.028    0.005
2457865.40427       0.036    0.005
2457865.40583       0.029    0.005
2457865.40739       0.026    0.005
2457865.40896       0.033    0.005
2457865.41053       0.024    0.005
2457865.41211       0.022    0.005
2457865.41371       0.025    0.005
2457865.41530       0.036    0.005
2457865.41689       0.026    0.005
2457865.41849       0.025    0.005
2457865.42010       0.021    0.005
2457865.42171       0.003    0.005
2457865.42328      -0.001    0.005
2457865.42484      -0.009    0.005

Observador: Obs. Mazariegos - F. Limon - AAVSO LFEA
FotoDif 3.95
